0.0000000 -0.0008311 0.0006592
0.0402010 -0.0008158 0.0006577
0.0804020 -0.0008004 0.0006561
0.1206030 -0.0007850 0.0006545
0.1608040 -0.0007697 0.0006528
0.2010050 -0.0007543 0.0006511
0.2412060 -0.0007390 0.0006494
0.2814070 -0.0007237 0.0006475
0.3216080 -0.0007084 0.0006457
0.3618090 -0.0006932 0.0006438
0.4020101 -0.0006779 0.0006418
0.4422111 -0.0006627 0.0006398
0.4824121 -0.0006476 0.0006378
0.5226131 -0.0006324 0.0006357
0.5628141 -0.0006174 0.0006336
0.6030151 -0.0006023 0.0006315
0.6432161 -0.0005874 0.0006293
0.6834171 -0.0005724 0.0006271
0.7236181 -0.0005575 0.0006248
0.7638191 -0.0005427 0.0006225
0.8040201 -0.0005280 0.0006202
0.8442211 -0.0005133 0.0006179
0.8844221 -0.0004986 0.0006155
0.9246231 -0.0004841 0.0006131
0.9648241 -0.0004696 0.0006107
1.0050251 -0.0004552 0.0006082
1.0452261 -0.0004409 0.0006058
1.0854271 -0.0004266 0.0006033
1.1256281 -0.0004124 0.0006008
1.1658291 -0.0003984 0.0005983
1.2060302 -0.0003844 0.0005957
1.2462312 -0.0003705 0.0005932
1.2864322 -0.0003567 0.0005906
1.3266332 -0.0003429 0.0005881
1.3668342 -0.0003293 0.0005855
1.4070352 -0.0003158 0.0005829
1.4472362 -0.0003024 0.0005803
1.4874372 -0.0002890 0.0005777
1.5276382 -0.0002758 0.0005751
1.5678392 -0.0002627 0.0005726
1.6080402 -0.0002497 0.0005700
1.6482412 -0.0002368 0.0005674
1.6884422 -0.0002240 0.0005648
1.7286432 -0.0002114 0.0005622
1.7688442 -0.0001988 0.0005596
1.8090452 -0.0001863 0.0005571
1.8492462 -0.0001740 0.0005545
1.8894472 -0.0001618 0.0005520
1.9296482 -0.0001497 0.0005494
1.9698492 -0.0001377 0.0005469
2.0100503 -0.0001259 0.0005444
2.0502513 -0.0001141 0.0005419
2.0904523 -0.0001025 0.0005394
2.1306533 -0.0000910 0.0005370
2.1708543 -0.0000796 0.0005345
2.2110553 -0.0000684 0.0005321
2.2512563 -0.0000572 0.0005297
2.2914573 -0.0000462 0.0005273
2.3316583 -0.0000353 0.0005249
2.3718593 -0.0000246 0.0005226
2.4120603 -0.0000139 0.0005203
2.4522613 -0.0000034 0.0005180
2.4924623 0.0000070 0.0005157
2.5326633 0.0000172 0.0005135
2.5728643 0.0000274 0.0005113
2.6130653 0.0000374 0.0005091
2.6532663 0.0000473 0.0005070
2.6934673 0.0000571 0.0005048
2.7336683 0.0000667 0.0005027
2.7738693 0.0000762 0.0005007
2.8140704 0.0000857 0.0004986
2.8542714 0.0000949 0.0004966
2.8944724 0.0001041 0.0004946
2.9346734 0.0001132 0.0004927
2.9748744 0.0001221 0.0004908
3.0150754 0.0001309 0.0004889
3.0552764 0.0001396 0.0004870
3.0954774 0.0001481 0.0004852
3.1356784 0.0001566 0.0004834
3.1758794 0.0001649 0.0004817
3.2160804 0.0001732 0.0004799
3.2562814 0.0001813 0.0004782
3.2964824 0.0001893 0.0004766
3.3366834 0.0001971 0.0004750
3.3768844 0.0002049 0.0004734
3.4170854 0.0002126 0.0004718
3.4572864 0.0002201 0.0004703
3.4974874 0.0002276 0.0004688
3.5376884 0.0002349 0.0004674
3.5778894 0.0002421 0.0004660
3.6180905 0.0002493 0.0004646
3.6582915 0.0002563 0.0004632
3.6984925 0.0002632 0.0004619
3.7386935 0.0002700 0.0004606
3.7788945 0.0002767 0.0004594
3.8190955 0.0002833 0.0004581
3.8592965 0.0002899 0.0004570
3.8994975 0.0002963 0.0004558
3.9396985 0.0003026 0.0004547
3.9798995 0.0003088 0.0004536
4.0201005 0.0003150 0.0004525
4.0603015 0.0003210 0.0004515
4.1005025 0.0003270 0.0004505
4.1407035 0.0003328 0.0004496
4.1809045 0.0003386 0.0004486
4.2211055 0.0003443 0.0004477
4.2613065 0.0003499 0.0004469
4.3015075 0.0003554 0.0004460
4.3417085 0.0003608 0.0004452
4.3819095 0.0003662 0.0004445
4.4221106 0.0003715 0.0004437
4.4623116 0.0003767 0.0004430
4.5025126 0.0003818 0.0004423
4.5427136 0.0003868 0.0004416
4.5829146 0.0003918 0.0004410
4.6231156 0.0003967 0.0004404
4.6633166 0.0004015 0.0004398
4.7035176 0.0004062 0.0004393
4.7437186 0.0004109 0.0004388
4.7839196 0.0004155 0.0004383
4.8241206 0.0004200 0.0004378
4.8643216 0.0004245 0.0004374
4.9045226 0.0004289 0.0004370
4.9447236 0.0004333 0.0004366
4.9849246 0.0004375 0.0004362
5.0251256 0.0004418 0.0004359
5.0653266 0.0004459 0.0004355
5.1055276 0.0004500 0.0004353
5.1457286 0.0004540 0.0004350
5.1859296 0.0004580 0.0004348
5.2261307 0.0004620 0.0004345
5.2663317 0.0004658 0.0004343
5.3065327 0.0004696 0.0004342
5.3467337 0.0004734 0.0004340
5.3869347 0.0004771 0.0004339
5.4271357 0.0004808 0.0004338
5.4673367 0.0004844 0.0004337
5.5075377 0.0004880 0.0004337
5.5477387 0.0004915 0.0004336
5.5879397 0.0004950 0.0004336
5.6281407 0.0004984 0.0004336
5.6683417 0.0005018 0.0004337
5.7085427 0.0005051 0.0004337
5.7487437 0.0005084 0.0004338
5.7889447 0.0005117 0.0004339
5.8291457 0.0005149 0.0004340
5.8693467 0.0005181 0.0004341
5.9095477 0.0005213 0.0004343
5.9497487 0.0005244 0.0004344
5.9899497 0.0005275 0.0004346
6.0301508 0.0005305 0.0004348
6.0703518 0.0005335 0.0004351
6.1105528 0.0005365 0.0004353
6.1507538 0.0005395 0.0004356
6.1909548 0.0005424 0.0004359
6.2311558 0.0005453 0.0004362
6.2713568 0.0005481 0.0004365
6.3115578 0.0005510 0.0004369
6.3517588 0.0005538 0.0004372
6.3919598 0.0005566 0.0004376
6.4321608 0.0005593 0.0004380
6.4723618 0.0005620 0.0004384
6.5125628 0.0005648 0.0004388
6.5527638 0.0005674 0.0004393
6.5929648 0.0005701 0.0004397
6.6331658 0.0005728 0.0004402
6.6733668 0.0005754 0.0004407
6.7135678 0.0005780 0.0004413
6.7537688 0.0005806 0.0004418
6.7939698 0.0005832 0.0004423
6.8341709 0.0005857 0.0004429
6.8743719 0.0005883 0.0004435
6.9145729 0.0005908 0.0004441
6.9547739 0.0005933 0.0004447
6.9949749 0.0005958 0.0004454
7.0351759 0.0005983 0.0004460
7.0753769 0.0006008 0.0004467
7.1155779 0.0006032 0.0004474
7.1557789 0.0006057 0.0004481
7.1959799 0.0006081 0.0004488
7.2361809 0.0006105 0.0004495
7.2763819 0.0006130 0.0004503
7.3165829 0.0006154 0.0004511
7.3567839 0.0006178 0.0004518
7.3969849 0.0006202 0.0004526
7.4371859 0.0006226 0.0004535
7.4773869 0.0006250 0.0004543
7.5175879 0.0006274 0.0004551
7.5577889 0.0006298 0.0004560
7.5979899 0.0006321 0.0004569
7.6381910 0.0006345 0.0004578
7.6783920 0.0006369 0.0004587
7.7185930 0.0006393 0.0004596
7.7587940 0.0006416 0.0004606
7.7989950 0.0006440 0.0004615
7.8391960 0.0006464 0.0004625
7.8793970 0.0006487 0.0004635
7.9195980 0.0006511 0.0004645
7.9597990 0.0006535 0.0004655
8.0000000 0.0006559 0.0004666
