0.0000000 0.0000000 0.0000000
0.5002501 0.0000000 -0.0000000
1.0005003 0.0000000 0.0000000
1.5007504 0.0000000 -0.0000000
2.0010005 -0.0000000 -0.0000000
2.5012506 -0.0000000 -0.0000000
3.0015008 -0.0000000 0.0000000
3.5017509 -0.0000000 -0.0000000
4.0020010 -0.0000000 -0.0000000
4.5022511 0.0000000 0.0000000
5.0025013 0.0000000 0.0000000
5.5027514 -0.0000000 0.0000000
6.0030015 0.0000000 -0.0000000
6.5032516 -0.0000000 0.0000000
7.0035018 0.0000000 0.0000000
7.5037519 -0.0000000 -0.0000000
8.0040020 0.0000000 0.0000000
8.5042521 0.0000000 0.0000000
9.0045023 -0.0000000 -0.0000000
9.5047524 0.0000000 0.0000000
10.0050025 -0.0000000 -0.0000000
10.5052526 0.0000000 -0.0000000
11.0055028 0.0000000 -0.0000000
11.5057529 -0.0000000 0.0000000
12.0060030 -0.0000000 -0.0000000
12.5062531 0.0000000 0.0000000
13.0065033 -0.0000000 -0.0000000
13.5067534 -0.0000000 -0.0000000
14.0070035 -0.0000000 0.0000000
14.5072536 -0.0000000 0.0000000
15.0075038 -0.0000000 -0.0000000
15.5077539 0.0000000 0.0000000
16.0080040 -0.0000000 0.0000000
16.5082541 0.0000000 0.0000000
17.0085043 -0.0000000 -0.0000000
17.5087544 -0.0000000 0.0000000
18.0090045 -0.0000000 0.0000000
18.5092546 0.0000000 0.0000000
19.0095048 -0.0000000 0.0000000
19.5097549 -0.0000000 -0.0000000
20.0100050 0.0000000 0.0000000
20.5102551 0.0000000 0.0000000
21.0105053 0.0000000 0.0000000
21.5107554 0.0000000 0.0000000
22.0110055 0.0000000 0.0000000
22.5112556 0.0000000 -0.0000000
23.0115058 0.0000000 -0.0000000
23.5117559 -0.0000000 0.0000000
24.0120060 -0.0000000 -0.0000000
24.5122561 0.0000000 0.0000000
25.0125063 0.0000000 0.0000000
25.5127564 0.0000000 0.0000000
26.0130065 -0.0000000 0.0000000
26.5132566 0.0000000 -0.0000000
27.0135068 0.0000000 0.0000000
27.5137569 0.0000000 -0.0000000
28.0140070 0.0000000 0.0000000
28.5142571 0.0000000 0.0000000
29.0145073 0.0000000 0.0000000
29.5147574 0.0000000 -0.0000000
30.0150075 -0.0000000 0.0000000
30.5152576 0.0000000 -0.0000000
31.0155078 0.0000000 0.0000000
31.5157579 -0.0000000 0.0000000
32.0160080 0.0000000 0.0000000
32.5162581 -0.0000000 0.0000000
33.0165083 -0.0000000 -0.0000000
33.5167584 0.0000000 -0.0000000
34.0170085 0.0000000 0.0000000
34.5172586 0.0000000 -0.0000000
35.0175088 -0.0000000 -0.0000000
35.5177589 0.0000000 0.0000000
36.0180090 0.0000000 0.0000000
36.5182591 0.0000000 -0.0000000
37.0185093 -0.0000000 -0.0000000
37.5187594 -0.0000000 -0.0000000
38.0190095 0.0000000 0.0000000
38.5192596 -0.0000000 0.0000000
39.0195098 -0.0000000 -0.0000000
39.5197599 -0.0000000 -0.0000000
40.0200100 -0.0000000 -0.0000000
40.5202601 -0.0000000 0.0000000
41.0205103 -0.0000000 -0.0000000
41.5207604 0.0000000 0.0000000
42.0210105 -0.0000000 0.0000000
42.5212606 0.0000000 0.0000000
43.0215108 -0.0000000 -0.0000000
43.5217609 -0.0000000 -0.0000000
44.0220110 -0.0000000 0.0000000
44.5222611 -0.0000000 0.0000000
45.0225113 -0.0000000 -0.0000000
45.5227614 -0.0000000 -0.0000000
46.0230115 0.0000000 -0.0000000
46.5232616 0.0000000 -0.0000000
47.0235118 0.0000000 0.0000000
47.5237619 0.0000000 -0.0000000
48.0240120 0.0000000 -0.0000000
48.5242621 0.0000000 0.0000000
49.0245123 -0.0000000 0.0000000
49.5247624 -0.0000000 0.0000000
50.0250125 -0.0000000 -0.0000000
50.5252626 0.0000000 0.0000000
51.0255128 -0.0000000 0.0000000
51.5257629 -0.0000000 0.0000000
52.0260130 -0.0000000 -0.0000000
52.5262631 0.0000000 0.0000000
53.0265133 0.0000000 -0.0000000
53.5267634 0.0000000 0.0000000
54.0270135 0.0000000 -0.0000000
54.5272636 0.0000000 -0.0000000
55.0275138 0.0000000 -0.0000000
55.5277639 -0.0000000 -0.0000000
56.0280140 -0.0000000 -0.0000000
56.5282641 0.0000000 -0.0000000
57.0285143 0.0000000 0.0000000
57.5287644 0.0000000 0.0000000
58.0290145 0.0000000 0.0000000
58.5292646 -0.0000000 0.0000000
59.0295148 -0.0000000 0.0000000
59.5297649 -0.0000000 0.0000000
60.0300150 0.0000000 0.0000000
60.5302651 0.0000000 -0.0000000
61.0305153 0.0000000 0.0000000
61.5307654 0.0000000 0.0000000
62.0310155 0.0000000 -0.0000000
62.5312656 0.0000000 0.0000000
63.0315158 0.0000000 -0.0000000
63.5317659 -0.0000000 -0.0000000
64.0320160 -0.0000000 0.0000000
64.5322661 -0.0000000 -0.0000000
65.0325163 -0.0000000 0.0000000
65.5327664 -0.0000000 -0.0000000
66.0330165 0.0000000 0.0000000
66.5332666 0.0000000 0.0000000
67.0335168 -0.0000000 0.0000000
67.5337669 -0.0000000 -0.0000000
68.0340170 -0.0000000 -0.0000000
68.5342671 -0.0000000 0.0000000
69.0345173 0.0000000 -0.0000000
69.5347674 0.0000000 0.0000000
70.0350175 0.0000000 0.0000000
70.5352676 0.0000000 0.0000000
71.0355178 -0.0000000 -0.0000000
71.5357679 -0.0000000 0.0000000
72.0360180 -0.0000000 -0.0000000
72.5362681 -0.0000000 0.0000000
73.0365183 -0.0000000 0.0000000
73.5367684 0.0000000 -0.0000000
74.0370185 -0.0000000 0.0000000
74.5372686 -0.0000000 -0.0000000
75.0375188 0.0000000 0.0000000
75.5377689 0.0000000 0.0000000
76.0380190 0.0000000 0.0000000
76.5382691 0.0000000 0.0000000
77.0385193 0.0000000 0.0000000
77.5387694 -0.0000000 0.0000000
78.0390195 0.0000000 -0.0000000
78.5392696 0.0000000 0.0000000
79.0395198 0.0000000 -0.0000000
79.5397699 0.0000000 -0.0000000
80.0400200 0.0000000 -0.0000000
80.5402701 0.0000000 -0.0000000
81.0405203 0.0000000 0.0000000
81.5407704 -0.0000000 -0.0000000
82.0410205 -0.0000000 0.0000000
82.5412706 0.0000000 -0.0000000
83.0415208 0.0000000 -0.0000000
83.5417709 -0.0000000 0.0000000
84.0420210 -0.0000000 0.0000000
84.5422711 0.0000000 0.0000000
85.0425213 -0.0000000 -0.0000000
85.5427714 -0.0000000 0.0000000
86.0430215 0.0000000 -0.0000000
86.5432716 -0.0000000 -0.0000000
87.0435218 0.0000000 0.0000000
87.5437719 -0.0000000 0.0000000
88.0440220 -0.0000000 -0.0000000
88.5442721 0.0000000 0.0000000
89.0445223 0.0000000 0.0000000
89.5447724 -0.0000000 -0.0000000
90.0450225 -0.0000000 -0.0000000
90.5452726 -0.0000000 -0.0000000
91.0455228 0.0000000 -0.0000000
91.5457729 -0.0000000 -0.0000000
92.0460230 0.0000000 -0.0000000
92.5462731 -0.0000000 -0.0000000
93.0465233 -0.0000000 -0.0000000
93.5467734 -0.0000000 0.0000000
94.0470235 -0.0000000 0.0000000
94.5472736 -0.0000000 0.0000000
95.0475238 -0.0000000 0.0000000
95.5477739 0.0000000 -0.0000000
96.0480240 -0.0000000 0.0000000
96.5482741 -0.0000000 -0.0000000
97.0485243 -0.0000000 0.0000000
97.5487744 -0.0000000 0.0000000
98.0490245 0.0000000 -0.0000000
98.5492746 0.0000000 0.0000000
99.0495248 -0.0000000 -0.0000000
99.5497749 0.0000000 -0.0000000
100.0500250 -0.0000000 0.0000000
100.5502751 0.0000000 -0.0000000
101.0505253 -0.0000000 0.0000000
101.5507754 -0.0000000 -0.0000000
102.0510255 0.0000000 0.0000000
102.5512756 -0.0000000 0.0000000
103.0515258 0.0000000 0.0000000
103.5517759 -0.0000000 -0.0000000
104.0520260 -0.0000000 -0.0000000
104.5522761 -0.0000000 0.0000000
105.0525263 0.0000000 -0.0000000
105.5527764 -0.0000000 -0.0000000
106.0530265 0.0000000 -0.0000000
106.5532766 0.0000000 0.0000000
107.0535268 0.0000000 -0.0000000
107.5537769 0.0000000 0.0000000
108.0540270 0.0000000 0.0000000
108.5542771 -0.0000000 -0.0000000
109.0545273 0.0000000 0.0000000
109.5547774 0.0000000 -0.0000000
110.0550275 0.0000000 -0.0000000
110.5552776 -0.0000000 -0.0000000
111.0555278 -0.0000000 -0.0000000
111.5557779 0.0000000 -0.0000000
112.0560280 0.0000000 -0.0000000
112.5562781 0.0000000 0.0000000
113.0565283 0.0000000 -0.0000000
113.5567784 -0.0000000 0.0000000
114.0570285 0.0000000 0.0000000
114.5572786 0.0000000 0.0000000
115.0575288 0.0000000 0.0000000
115.5577789 -0.0000000 -0.0000000
116.0580290 0.0000000 0.0000000
116.5582791 0.0000000 -0.0000000
117.0585293 -0.0000000 -0.0000000
117.5587794 0.0000000 -0.0000000
118.0590295 -0.0000000 0.0000000
118.5592796 0.0000000 0.0000000
119.0595298 -0.0000000 -0.0000000
119.5597799 0.0000000 0.0000000
120.0600300 0.0000000 -0.0000000
120.5602801 -0.0000000 0.0000000
121.0605303 -0.0000000 -0.0000000
121.5607804 -0.0000000 0.0000000
122.0610305 -0.0000000 -0.0000000
122.5612806 0.0000000 -0.0000000
123.0615308 0.0000000 -0.0000000
123.5617809 0.0000000 -0.0000000
124.0620310 -0.0000000 0.0000000
124.5622811 0.0000000 0.0000000
125.0625313 0.0000000 -0.0000000
125.5627814 0.0000000 -0.0000000
126.0630315 -0.0000000 0.0000000
126.5632816 -0.0000000 0.0000000
127.0635318 -0.0000000 -0.0000000
127.5637819 0.0000000 -0.0000000
128.0640320 -0.0000000 -0.0000000
128.5642821 0.0000000 -0.0000000
129.0645323 -0.0000000 0.0000000
129.5647824 0.0000000 -0.0000000
130.0650325 -0.0000000 0.0000000
130.5652826 0.0000000 0.0000000
131.0655328 -0.0000000 0.0000000
131.5657829 0.0000000 0.0000000
132.0660330 -0.0000000 -0.0000000
132.5662831 -0.0000000 -0.0000000
133.0665333 0.0000000 -0.0000000
133.5667834 -0.0000000 -0.0000000
134.0670335 0.0000000 -0.0000000
134.5672836 -0.0000000 -0.0000000
135.0675338 -0.0000000 -0.0000000
135.5677839 0.0000000 0.0000000
136.0680340 0.0000000 0.0000000
136.5682841 0.0000000 0.0000000
137.0685343 -0.0000000 0.0000000
137.5687844 -0.0000000 0.0000000
138.0690345 0.0000000 -0.0000000
138.5692846 0.0000000 -0.0000000
139.0695348 -0.0000000 -0.0000000
139.5697849 -0.0000000 0.0000000
140.0700350 -0.0000000 0.0000000
140.5702851 -0.0000000 0.0000000
141.0705353 -0.0000000 0.0000000
141.5707854 -0.0000000 -0.0000000
142.0710355 -0.0000000 -0.0000000
142.5712856 -0.0000000 0.0000000
143.0715358 -0.0000000 0.0000000
143.5717859 -0.0000000 -0.0000000
144.0720360 0.0000000 -0.0000000
144.5722861 -0.0000000 0.0000000
145.0725363 -0.0000000 0.0000000
145.5727864 -0.0000000 -0.0000000
146.0730365 -0.0000000 -0.0000000
146.5732866 0.0000000 0.0000000
147.0735368 -0.0000000 -0.0000000
147.5737869 -0.0000000 -0.0000000
148.0740370 -0.0000000 0.0000000
148.5742871 0.0000000 -0.0000000
149.0745373 -0.0000000 -0.0000000
149.5747874 0.0000000 0.0000000
150.0750375 -0.0000000 0.0000000
150.5752876 -0.0000000 -0.0000000
151.0755378 -0.0000000 -0.0000000
151.5757879 0.0000000 0.0000000
152.0760380 -0.0000000 -0.0000000
152.5762881 0.0000000 -0.0000000
153.0765383 0.0000000 0.0000000
153.5767884 0.0000000 0.0000000
154.0770385 -0.0000000 -0.0000000
154.5772886 -0.0000000 0.0000000
155.0775388 0.0000000 0.0000000
155.5777889 0.0000000 0.0000000
156.0780390 -0.0000000 0.0000000
156.5782891 -0.0000000 0.0000000
157.0785393 0.0000000 0.0000000
157.5787894 -0.0000000 -0.0000000
158.0790395 -0.0000000 0.0000000
158.5792896 -0.0000000 0.0000000
159.0795398 -0.0000000 0.0000000
159.5797899 -0.0000000 0.0000000
160.0800400 0.0000000 0.0000000
160.5802901 -0.0000000 -0.0000000
161.0805403 -0.0000000 0.0000000
161.5807904 -0.0000000 0.0000000
162.0810405 -0.0000000 0.0000000
162.5812906 0.0000000 -0.0000000
163.0815408 0.0000000 -0.0000000
163.5817909 -0.0000000 0.0000000
164.0820410 0.0000000 0.0000000
164.5822911 0.0000000 0.0000000
165.0825413 0.0000000 -0.0000000
165.5827914 -0.0000000 -0.0000000
166.0830415 0.0000000 0.0000000
166.5832916 0.0000000 -0.0000000
167.0835418 0.0000000 0.0000000
167.5837919 0.0000000 0.0000000
168.0840420 0.0000000 -0.0000000
168.5842921 0.0000000 0.0000000
169.0845423 0.0000000 0.0000000
169.5847924 -0.0000000 0.0000000
170.0850425 0.0000000 0.0000000
170.5852926 0.0000000 0.0000000
171.0855428 0.0000000 0.0000000
171.5857929 -0.0000000 0.0000000
172.0860430 0.0000000 -0.0000000
172.5862931 0.0000000 -0.0000000
173.0865433 0.0000000 0.0000000
173.5867934 -0.0000000 -0.0000000
174.0870435 0.0000000 0.0000000
174.5872936 0.0000000 0.0000000
175.0875438 -0.0000000 -0.0000000
175.5877939 -0.0000000 -0.0000000
176.0880440 0.0000000 -0.0000000
176.5882941 -0.0000000 -0.0000000
177.0885443 -0.0000000 -0.0000000
177.5887944 -0.0000000 -0.0000000
178.0890445 0.0000000 -0.0000000
178.5892946 0.0000000 0.0000000
179.0895448 0.0000000 0.0000000
179.5897949 -0.0000000 -0.0000000
180.0900450 0.0000000 -0.0000000
180.5902951 -0.0000000 0.0000000
181.0905453 -0.0000000 0.0000000
181.5907954 -0.0000000 -0.0000000
182.0910455 -0.0000000 -0.0000000
182.5912956 -0.0000000 -0.0000000
183.0915458 0.0000000 -0.0000000
183.5917959 -0.0000000 -0.0000000
184.0920460 0.0000000 -0.0000000
184.5922961 -0.0000000 0.0000000
185.0925463 0.0000000 0.0000000
185.5927964 -0.0000000 -0.0000000
186.0930465 0.0000000 0.0000000
186.5932966 0.0000000 -0.0000000
187.0935468 0.0000000 0.0000000
187.5937969 -0.0000000 0.0000000
188.0940470 0.0000000 -0.0000000
188.5942971 0.0000000 0.0000000
189.0945473 0.0000000 -0.0000000
189.5947974 0.0000000 -0.0000000
190.0950475 -0.0000000 -0.0000000
190.5952976 0.0000000 -0.0000000
191.0955478 0.0000000 0.0000000
191.5957979 0.0000000 -0.0000000
192.0960480 -0.0000000 0.0000000
192.5962981 -0.0000000 -0.0000000
193.0965483 0.0000000 0.0000000
193.5967984 -0.0000000 0.0000000
194.0970485 -0.0000000 -0.0000000
194.5972986 -0.0000000 0.0000000
195.0975488 0.0000000 0.0000000
195.5977989 -0.0000000 0.0000000
196.0980490 0.0000000 0.0000000
196.5982991 -0.0000000 0.0000000
197.0985493 -0.0000000 0.0000000
197.5987994 0.0000000 -0.0000000
198.0990495 -0.0000000 -0.0000000
198.5992996 -0.0000000 0.0000000
199.0995498 -0.0000000 0.0000000
199.5997999 -0.0000000 0.0000000
200.1000500 0.0000000 0.0000000
200.6003002 0.0000000 0.0000000
201.1005503 -0.0000000 0.0000000
201.6008004 0.0000000 -0.0000000
202.1010505 0.0000000 -0.0000000
202.6013007 0.0000000 0.0000000
203.1015508 0.0000000 0.0000000
203.6018009 0.0000000 -0.0000000
204.1020510 -0.0000000 -0.0000000
204.6023012 0.0000000 -0.0000000
205.1025513 0.0000000 0.0000000
205.6028014 -0.0000000 -0.0000000
206.1030515 0.0000000 -0.0000000
206.6033017 0.0000000 -0.0000000
207.1035518 -0.0000000 -0.0000000
207.6038019 -0.0000000 0.0000000
208.1040520 0.0000000 0.0000000
208.6043022 0.0000000 0.0000000
209.1045523 0.0000000 -0.0000000
209.6048024 -0.0000000 0.0000000
210.1050525 -0.0000000 -0.0000000
210.6053027 0.0000000 0.0000000
211.1055528 -0.0000000 0.0000000
211.6058029 -0.0000000 -0.0000000
212.1060530 0.0000000 0.0000000
212.6063032 0.0000000 0.0000000
213.1065533 0.0000000 0.0000000
213.6068034 -0.0000000 0.0000000
214.1070535 0.0000000 -0.0000000
214.6073037 -0.0000000 -0.0000000
215.1075538 0.0000000 0.0000000
215.6078039 -0.0000000 -0.0000000
216.1080540 -0.0000000 0.0000000
216.6083042 -0.0000000 0.0000000
217.1085543 -0.0000000 0.0000000
217.6088044 -0.0000000 -0.0000000
218.1090545 -0.0000000 0.0000000
218.6093047 -0.0000000 0.0000000
219.1095548 -0.0000000 -0.0000000
219.6098049 -0.0000000 0.0000000
220.1100550 0.0000000 0.0000000
220.6103052 0.0000000 0.0000000
221.1105553 0.0000000 0.0000000
221.6108054 0.0000000 -0.0000000
222.1110555 -0.0000000 0.0000000
222.6113057 0.0000000 -0.0000000
223.1115558 0.0000000 -0.0000000
223.6118059 0.0000000 0.0000000
224.1120560 -0.0000000 0.0000000
224.6123062 -0.0000000 0.0000000
225.1125563 -0.0000000 0.0000000
225.6128064 -0.0000000 -0.0000000
226.1130565 0.0000000 -0.0000000
226.6133067 -0.0000000 0.0000000
227.1135568 0.0000000 -0.0000000
227.6138069 0.0000000 0.0000000
228.1140570 -0.0000000 -0.0000000
228.6143072 -0.0000000 0.0000000
229.1145573 0.0000000 -0.0000000
229.6148074 -0.0000000 0.0000000
230.1150575 0.0000000 0.0000000
230.6153077 -0.0000000 -0.0000000
231.1155578 -0.0000000 -0.0000000
231.6158079 -0.0000000 0.0000000
232.1160580 -0.0000000 -0.0000000
232.6163082 -0.0000000 -0.0000000
233.1165583 -0.0000000 -0.0000000
233.6168084 0.0000000 -0.0000000
234.1170585 -0.0000000 0.0000000
234.6173087 -0.0000000 -0.0000000
235.1175588 -0.0000000 0.0000000
235.6178089 -0.0000000 0.0000000
236.1180590 0.0000000 0.0000000
236.6183092 -0.0000000 -0.0000000
237.1185593 0.0000000 -0.0000000
237.6188094 -0.0000000 -0.0000000
238.1190595 0.0000000 0.0000000
238.6193097 -0.0000000 0.0000000
239.1195598 0.0000000 0.0000000
239.6198099 -0.0000000 -0.0000000
240.1200600 0.0000000 0.0000000
240.6203102 0.0000000 -0.0000000
241.1205603 0.0000000 0.0000000
241.6208104 0.0000000 0.0000000
242.1210605 0.0000000 0.0000000
242.6213107 -0.0000000 -0.0000000
243.1215608 0.0000000 0.0000000
243.6218109 -0.0000000 0.0000000
244.1220610 -0.0000000 0.0000000
244.6223112 0.0000000 -0.0000000
245.1225613 -0.0000000 0.0000000
245.6228114 -0.0000000 0.0000000
246.1230615 -0.0000000 0.0000000
246.6233117 0.0000000 -0.0000000
247.1235618 0.0000000 -0.0000000
247.6238119 0.0000000 -0.0000000
248.1240620 0.0000000 -0.0000000
248.6243122 0.0000000 -0.0000000
249.1245623 -0.0000000 -0.0000000
249.6248124 0.0000000 0.0000000
250.1250625 0.0000000 0.0000000
250.6253127 0.0000000 -0.0000000
251.1255628 0.0000000 0.0000000
251.6258129 -0.0000000 -0.0000000
252.1260630 0.0000000 -0.0000000
252.6263132 0.0000000 -0.0000000
253.1265633 0.0000000 0.0000000
253.6268134 -0.0000000 -0.0000000
254.1270635 0.0000000 -0.0000000
254.6273137 -0.0000000 0.0000000
255.1275638 0.0000000 -0.0000000
255.6278139 -0.0000000 0.0000000
256.1280640 0.0000000 -0.0000000
256.6283142 0.0000000 -0.0000000
257.1285643 -0.0000000 -0.0000000
257.6288144 -0.0000000 -0.0000000
258.1290645 -0.0000000 -0.0000000
258.6293147 -0.0000000 0.0000000
259.1295648 0.0000000 -0.0000000
259.6298149 0.0000000 -0.0000000
260.1300650 -0.0000000 0.0000000
260.6303152 0.0000000 -0.0000000
261.1305653 0.0000000 0.0000000
261.6308154 0.0000000 0.0000000
262.1310655 0.0000000 -0.0000000
262.6313157 0.0000000 0.0000000
263.1315658 -0.0000000 -0.0000000
263.6318159 -0.0000000 0.0000000
264.1320660 0.0000000 -0.0000000
264.6323162 0.0000000 0.0000000
265.1325663 0.0000000 -0.0000000
265.6328164 0.0000000 0.0000000
266.1330665 0.0000000 -0.0000000
266.6333167 0.0000000 0.0000000
267.1335668 0.0000000 -0.0000000
267.6338169 -0.0000000 -0.0000000
268.1340670 -0.0000000 0.0000000
268.6343172 -0.0000000 -0.0000000
269.1345673 0.0000000 0.0000000
269.6348174 0.0000000 -0.0000000
270.1350675 -0.0000000 -0.0000000
270.6353177 0.0000000 0.0000000
271.1355678 -0.0000000 0.0000000
271.6358179 0.0000000 -0.0000000
272.1360680 0.0000000 0.0000000
272.6363182 0.0000000 -0.0000000
273.1365683 0.0000000 0.0000000
273.6368184 -0.0000000 0.0000000
274.1370685 0.0000000 -0.0000000
274.6373187 0.0000000 -0.0000000
275.1375688 -0.0000000 0.0000000
275.6378189 0.0000000 -0.0000000
276.1380690 0.0000000 0.0000000
276.6383192 0.0000000 -0.0000000
277.1385693 0.0000000 -0.0000000
277.6388194 -0.0000000 0.0000000
278.1390695 0.0000000 -0.0000000
278.6393197 0.0000000 -0.0000000
279.1395698 -0.0000000 -0.0000000
279.6398199 -0.0000000 -0.0000000
280.1400700 -0.0000000 -0.0000000
280.6403202 -0.0000000 0.0000000
281.1405703 0.0000000 0.0000000
281.6408204 -0.0000000 -0.0000000
282.1410705 0.0000000 -0.0000000
282.6413207 0.0000000 0.0000000
283.1415708 -0.0000000 -0.0000000
283.6418209 0.0000000 -0.0000000
284.1420710 0.0000000 0.0000000
284.6423212 0.0000000 -0.0000000
285.1425713 0.0000000 0.0000000
285.6428214 0.0000000 -0.0000000
286.1430715 -0.0000000 0.0000000
286.6433217 0.0000000 0.0000000
287.1435718 -0.0000000 -0.0000000
287.6438219 0.0000000 0.0000000
288.1440720 0.0000000 0.0000000
288.6443222 0.0000000 0.0000000
289.1445723 -0.0000000 0.0000000
289.6448224 0.0000000 0.0000000
290.1450725 -0.0000000 0.0000000
290.6453227 0.0000000 0.0000000
291.1455728 -0.0000000 0.0000000
291.6458229 -0.0000000 0.0000000
292.1460730 0.0000000 -0.0000000
292.6463232 0.0000000 0.0000000
293.1465733 -0.0000000 0.0000000
293.6468234 0.0000000 0.0000000
294.1470735 -0.0000000 -0.0000000
294.6473237 0.0000000 0.0000000
295.1475738 -0.0000000 -0.0000000
295.6478239 -0.0000000 0.0000000
296.1480740 0.0000000 0.0000000
296.6483242 0.0000000 0.0000000
297.1485743 0.0000000 -0.0000000
297.6488244 0.0000000 0.0000000
298.1490745 0.0000000 0.0000000
298.6493247 -0.0000000 -0.0000000
299.1495748 -0.0000000 -0.0000000
299.6498249 0.0000000 0.0000000
300.1500750 -0.0000000 -0.0000000
300.6503252 -0.0000000 0.0000000
301.1505753 -0.0000000 0.0000000
301.6508254 0.0000000 -0.0000000
302.1510755 0.0000000 0.0000000
302.6513257 -0.0000000 -0.0000000
303.1515758 -0.0000000 0.0000000
303.6518259 -0.0000000 -0.0000000
304.1520760 -0.0000000 -0.0000000
304.6523262 -0.0000000 0.0000000
305.1525763 0.0000000 0.0000000
305.6528264 0.0000000 -0.0000000
306.1530765 0.0000000 -0.0000000
306.6533267 -0.0000000 -0.0000000
307.1535768 0.0000000 -0.0000000
307.6538269 0.0000000 -0.0000000
308.1540770 0.0000000 -0.0000000
308.6543272 -0.0000000 0.0000000
309.1545773 0.0000000 -0.0000000
309.6548274 0.0000000 -0.0000000
310.1550775 -0.0000000 0.0000000
310.6553277 0.0000000 -0.0000000
311.1555778 0.0000000 0.0000000
311.6558279 -0.0000000 0.0000000
312.1560780 0.0000000 0.0000000
312.6563282 0.0000000 -0.0000000
313.1565783 -0.0000000 0.0000000
313.6568284 0.0000000 0.0000000
314.1570785 0.0000000 0.0000000
314.6573287 0.0000000 0.0000000
315.1575788 -0.0000000 0.0000000
315.6578289 -0.0000000 -0.0000000
316.1580790 -0.0000000 -0.0000000
316.6583292 0.0000000 -0.0000000
317.1585793 0.0000000 0.0000000
317.6588294 -0.0000000 0.0000000
318.1590795 -0.0000000 0.0000000
318.6593297 -0.0000000 0.0000000
319.1595798 -0.0000000 -0.0000000
319.6598299 0.0000000 -0.0000000
320.1600800 0.0000000 0.0000000
320.6603302 0.0000000 0.0000000
321.1605803 0.0000000 0.0000000
321.6608304 0.0000000 -0.0000000
322.1610805 -0.0000000 -0.0000000
322.6613307 0.0000000 -0.0000000
323.1615808 0.0000000 0.0000000
323.6618309 0.0000000 0.0000000
324.1620810 -0.0000000 -0.0000000
324.6623312 0.0000000 0.0000000
325.1625813 0.0000000 -0.0000000
325.6628314 0.0000000 0.0000000
326.1630815 0.0000000 0.0000000
326.6633317 -0.0000000 0.0000000
327.1635818 0.0000000 0.0000000
327.6638319 -0.0000000 -0.0000000
328.1640820 0.0000000 0.0000000
328.6643322 0.0000000 0.0000000
329.1645823 -0.0000000 -0.0000000
329.6648324 0.0000000 -0.0000000
330.1650825 -0.0000000 -0.0000000
330.6653327 -0.0000000 0.0000000
331.1655828 0.0000000 -0.0000000
331.6658329 0.0000000 -0.0000000
332.1660830 -0.0000000 -0.0000000
332.6663332 0.0000000 -0.0000000
333.1665833 -0.0000000 0.0000000
333.6668334 0.0000000 -0.0000000
334.1670835 0.0000000 -0.0000000
334.6673337 0.0000000 -0.0000000
335.1675838 -0.0000000 -0.0000000
335.6678339 0.0000000 -0.0000000
336.1680840 0.0000000 0.0000000
336.6683342 -0.0000000 0.0000000
337.1685843 -0.0000000 0.0000000
337.6688344 -0.0000000 0.0000000
338.1690845 0.0000000 -0.0000000
338.6693347 -0.0000000 0.0000000
339.1695848 0.0000000 -0.0000000
339.6698349 -0.0000000 0.0000000
340.1700850 0.0000000 0.0000000
340.6703352 0.0000000 0.0000000
341.1705853 0.0000000 0.0000000
341.6708354 0.0000000 -0.0000000
342.1710855 -0.0000000 0.0000000
342.6713357 0.0000000 -0.0000000
343.1715858 0.0000000 0.0000000
343.6718359 -0.0000000 0.0000000
344.1720860 0.0000000 -0.0000000
344.6723362 0.0000000 -0.0000000
345.1725863 -0.0000000 -0.0000000
345.6728364 0.0000000 -0.0000000
346.1730865 -0.0000000 -0.0000000
346.6733367 0.0000000 -0.0000000
347.1735868 -0.0000000 0.0000000
347.6738369 0.0000000 -0.0000000
348.1740870 -0.0000000 -0.0000000
348.6743372 -0.0000000 -0.0000000
349.1745873 -0.0000000 -0.0000000
349.6748374 0.0000000 -0.0000000
350.1750875 -0.0000000 -0.0000000
350.6753377 0.0000000 0.0000000
351.1755878 0.0000000 0.0000000
351.6758379 0.0000000 0.0000000
352.1760880 0.0000000 0.0000000
352.6763382 -0.0000000 -0.0000000
353.1765883 0.0000000 0.0000000
353.6768384 0.0000000 0.0000000
354.1770885 -0.0000000 -0.0000000
354.6773387 0.0000000 -0.0000000
355.1775888 -0.0000000 -0.0000000
355.6778389 -0.0000000 0.0000000
356.1780890 0.0000000 0.0000000
356.6783392 0.0000000 0.0000000
357.1785893 -0.0000000 -0.0000000
357.6788394 -0.0000000 -0.0000000
358.1790895 -0.0000000 0.0000000
358.6793397 0.0000000 -0.0000000
359.1795898 -0.0000000 -0.0000000
359.6798399 0.0000000 -0.0000000
360.1800900 -0.0000000 0.0000000
360.6803402 -0.0000000 0.0000000
361.1805903 -0.0000000 0.0000000
361.6808404 0.0000000 -0.0000000
362.1810905 -0.0000000 0.0000000
362.6813407 0.0000000 0.0000000
363.1815908 -0.0000000 0.0000000
363.6818409 -0.0000000 -0.0000000
364.1820910 -0.0000000 -0.0000000
364.6823412 0.0000000 0.0000000
365.1825913 0.0000000 -0.0000000
365.6828414 -0.0000000 -0.0000000
366.1830915 0.0000000 -0.0000000
366.6833417 0.0000000 -0.0000000
367.1835918 0.0000000 -0.0000000
367.6838419 -0.0000000 0.0000000
368.1840920 0.0000000 -0.0000000
368.6843422 -0.0000000 -0.0000000
369.1845923 0.0000000 -0.0000000
369.6848424 -0.0000000 -0.0000000
370.1850925 0.0000000 -0.0000000
370.6853427 0.0000000 0.0000000
371.1855928 -0.0000000 -0.0000000
371.6858429 0.0000000 -0.0000000
372.1860930 0.0000000 0.0000000
372.6863432 -0.0000000 -0.0000000
373.1865933 -0.0000000 0.0000000
373.6868434 0.0000000 -0.0000000
374.1870935 0.0000000 0.0000000
374.6873437 -0.0000000 0.0000000
375.1875938 -0.0000000 -0.0000000
375.6878439 -0.0000000 -0.0000000
376.1880940 0.0000000 0.0000000
376.6883442 -0.0000000 0.0000000
377.1885943 -0.0000000 -0.0000000
377.6888444 -0.0000000 -0.0000000
378.1890945 0.0000000 -0.0000000
378.6893447 0.0000000 -0.0000000
379.1895948 -0.0000000 -0.0000000
379.6898449 -0.0000000 0.0000000
380.1900950 0.0000000 -0.0000000
380.6903452 0.0000000 -0.0000000
381.1905953 -0.0000000 -0.0000000
381.6908454 0.0000000 -0.0000000
382.1910955 0.0000000 -0.0000000
382.6913457 0.0000000 -0.0000000
383.1915958 0.0000000 -0.0000000
383.6918459 0.0000000 -0.0000000
384.1920960 -0.0000000 -0.0000000
384.6923462 -0.0000000 -0.0000000
385.1925963 -0.0000000 -0.0000000
385.6928464 -0.0000000 0.0000000
386.1930965 0.0000000 -0.0000000
386.6933467 -0.0000000 0.0000000
387.1935968 -0.0000000 0.0000000
387.6938469 0.0000000 -0.0000000
388.1940970 -0.0000000 -0.0000000
388.6943472 -0.0000000 0.0000000
389.1945973 0.0000000 -0.0000000
389.6948474 0.0000000 0.0000000
390.1950975 0.0000000 0.0000000
390.6953477 0.0000000 -0.0000000
391.1955978 0.0000000 0.0000000
391.6958479 -0.0000000 -0.0000000
392.1960980 -0.0000000 -0.0000000
392.6963482 -0.0000000 -0.0000000
393.1965983 0.0000000 -0.0000000
393.6968484 -0.0000000 0.0000000
394.1970985 0.0000000 0.0000000
394.6973487 0.0000000 0.0000000
395.1975988 -0.0000000 -0.0000000
395.6978489 -0.0000000 -0.0000000
396.1980990 0.0000000 -0.0000000
396.6983492 -0.0000000 0.0000000
397.1985993 0.0000000 -0.0000000
397.6988494 0.0000000 0.0000000
398.1990995 0.0000000 -0.0000000
398.6993497 0.0000000 0.0000000
399.1995998 -0.0000000 -0.0000000
399.6998499 0.0000000 0.0000000
400.2001001 0.0000000 -0.0000000
400.7003502 -0.0000000 -0.0000000
401.2006003 0.0000000 -0.0000000
401.7008504 -0.0000000 -0.0000000
402.2011006 -0.0000000 0.0000000
402.7013507 -0.0000000 0.0000000
403.2016008 -0.0000000 -0.0000000
403.7018509 -0.0000000 -0.0000000
404.2021011 -0.0000000 0.0000000
404.7023512 -0.0000000 -0.0000000
405.2026013 -0.0000000 -0.0000000
405.7028514 0.0000000 -0.0000000
406.2031016 0.0000000 -0.0000000
406.7033517 -0.0000000 0.0000000
407.2036018 -0.0000000 -0.0000000
407.7038519 0.0000000 0.0000000
408.2041021 0.0000000 -0.0000000
408.7043522 0.0000000 -0.0000000
409.2046023 -0.0000000 -0.0000000
409.7048524 -0.0000000 -0.0000000
410.2051026 -0.0000000 0.0000000
410.7053527 -0.0000000 0.0000000
411.2056028 0.0000000 -0.0000000
411.7058529 -0.0000000 -0.0000000
412.2061031 -0.0000000 -0.0000000
412.7063532 -0.0000000 -0.0000000
413.2066033 0.0000000 -0.0000000
413.7068534 -0.0000000 0.0000000
414.2071036 0.0000000 0.0000000
414.7073537 -0.0000000 0.0000000
415.2076038 0.0000000 -0.0000000
415.7078539 0.0000000 -0.0000000
416.2081041 0.0000000 -0.0000000
416.7083542 0.0000000 -0.0000000
417.2086043 0.0000000 -0.0000000
417.7088544 0.0000000 -0.0000000
418.2091046 -0.0000000 -0.0000000
418.7093547 0.0000000 0.0000000
419.2096048 0.0000000 -0.0000000
419.7098549 0.0000000 -0.0000000
420.2101051 0.0000000 -0.0000000
420.7103552 -0.0000000 -0.0000000
421.2106053 0.0000000 0.0000000
421.7108554 -0.0000000 0.0000000
422.2111056 -0.0000000 -0.0000000
422.7113557 -0.0000000 0.0000000
423.2116058 0.0000000 -0.0000000
423.7118559 0.0000000 -0.0000000
424.2121061 -0.0000000 -0.0000000
424.7123562 0.0000000 0.0000000
425.2126063 0.0000000 -0.0000000
425.7128564 0.0000000 0.0000000
426.2131066 0.0000000 0.0000000
426.7133567 0.0000000 0.0000000
427.2136068 -0.0000000 -0.0000000
427.7138569 0.0000000 -0.0000000
428.2141071 -0.0000000 -0.0000000
428.7143572 0.0000000 -0.0000000
429.2146073 0.0000000 -0.0000000
429.7148574 0.0000000 -0.0000000
430.2151076 0.0000000 0.0000000
430.7153577 -0.0000000 -0.0000000
431.2156078 0.0000000 -0.0000000
431.7158579 -0.0000000 0.0000000
432.2161081 0.0000000 0.0000000
432.7163582 0.0000000 0.0000000
433.2166083 -0.0000000 0.0000000
433.7168584 0.0000000 0.0000000
434.2171086 -0.0000000 -0.0000000
434.7173587 0.0000000 -0.0000000
435.2176088 -0.0000000 -0.0000000
435.7178589 -0.0000000 0.0000000
436.2181091 0.0000000 0.0000000
436.7183592 0.0000000 -0.0000000
437.2186093 -0.0000000 0.0000000
437.7188594 -0.0000000 0.0000000
438.2191096 0.0000000 -0.0000000
438.7193597 -0.0000000 0.0000000
439.2196098 -0.0000000 0.0000000
439.7198599 -0.0000000 0.0000000
440.2201101 0.0000000 -0.0000000
440.7203602 0.0000000 -0.0000000
441.2206103 0.0000000 -0.0000000
441.7208604 -0.0000000 -0.0000000
442.2211106 -0.0000000 -0.0000000
442.7213607 0.0000000 0.0000000
443.2216108 0.0000000 -0.0000000
443.7218609 -0.0000000 0.0000000
444.2221111 0.0000000 -0.0000000
444.7223612 0.0000000 0.0000000
445.2226113 -0.0000000 0.0000000
445.7228614 0.0000000 -0.0000000
446.2231116 -0.0000000 0.0000000
446.7233617 -0.0000000 0.0000000
447.2236118 -0.0000000 0.0000000
447.7238619 -0.0000000 0.0000000
448.2241121 -0.0000000 0.0000000
448.7243622 0.0000000 0.0000000
449.2246123 -0.0000000 0.0000000
449.7248624 -0.0000000 0.0000000
450.2251126 -0.0000000 0.0000000
450.7253627 -0.0000000 0.0000000
451.2256128 -0.0000000 -0.0000000
451.7258629 0.0000000 -0.0000000
452.2261131 -0.0000000 -0.0000000
452.7263632 0.0000000 0.0000000
453.2266133 0.0000000 -0.0000000
453.7268634 -0.0000000 0.0000000
454.2271136 -0.0000000 0.0000000
454.7273637 0.0000000 -0.0000000
455.2276138 -0.0000000 0.0000000
455.7278639 0.0000000 0.0000000
456.2281141 -0.0000000 -0.0000000
456.7283642 0.0000000 -0.0000000
457.2286143 -0.0000000 0.0000000
457.7288644 0.0000000 0.0000000
458.2291146 0.0000000 0.0000000
458.7293647 0.0000000 0.0000000
459.2296148 -0.0000000 0.0000000
459.7298649 0.0000000 0.0000000
460.2301151 -0.0000000 -0.0000000
460.7303652 -0.0000000 -0.0000000
461.2306153 0.0000000 -0.0000000
461.7308654 -0.0000000 -0.0000000
462.2311156 -0.0000000 0.0000000
462.7313657 -0.0000000 -0.0000000
463.2316158 -0.0000000 0.0000000
463.7318659 0.0000000 -0.0000000
464.2321161 -0.0000000 -0.0000000
464.7323662 0.0000000 0.0000000
465.2326163 -0.0000000 0.0000000
465.7328664 0.0000000 -0.0000000
466.2331166 -0.0000000 0.0000000
466.7333667 -0.0000000 -0.0000000
467.2336168 0.0000000 -0.0000000
467.7338669 0.0000000 0.0000000
468.2341171 0.0000000 -0.0000000
468.7343672 -0.0000000 0.0000000
469.2346173 0.0000000 -0.0000000
469.7348674 -0.0000000 0.0000000
470.2351176 -0.0000000 -0.0000000
470.7353677 0.0000000 0.0000000
471.2356178 -0.0000000 0.0000000
471.7358679 -0.0000000 -0.0000000
472.2361181 0.0000000 -0.0000000
472.7363682 0.0000000 0.0000000
473.2366183 -0.0000000 0.0000000
473.7368684 -0.0000000 0.0000000
474.2371186 0.0000000 0.0000000
474.7373687 0.0000000 0.0000000
475.2376188 -0.0000000 -0.0000000
475.7378689 -0.0000000 -0.0000000
476.2381191 0.0000000 0.0000000
476.7383692 0.0000000 -0.0000000
477.2386193 0.0000000 -0.0000000
477.7388694 -0.0000000 -0.0000000
478.2391196 -0.0000000 0.0000000
478.7393697 -0.0000000 -0.0000000
479.2396198 -0.0000000 -0.0000000
479.7398699 -0.0000000 0.0000000
480.2401201 0.0000000 0.0000000
480.7403702 0.0000000 -0.0000000
481.2406203 0.0000000 0.0000000
481.7408704 0.0000000 -0.0000000
482.2411206 -0.0000000 -0.0000000
482.7413707 -0.0000000 0.0000000
483.2416208 -0.0000000 0.0000000
483.7418709 -0.0000000 0.0000000
484.2421211 0.0000000 -0.0000000
484.7423712 0.0000000 0.0000000
485.2426213 -0.0000000 -0.0000000
485.7428714 0.0000000 -0.0000000
486.2431216 0.0000000 0.0000000
486.7433717 0.0000000 -0.0000000
487.2436218 0.0000000 -0.0000000
487.7438719 -0.0000000 -0.0000000
488.2441221 0.0000000 -0.0000000
488.7443722 0.0000000 0.0000000
489.2446223 -0.0000000 0.0000000
489.7448724 0.0000000 -0.0000000
490.2451226 0.0000000 0.0000000
490.7453727 -0.0000000 0.0000000
491.2456228 -0.0000000 -0.0000000
491.7458729 -0.0000000 -0.0000000
492.2461231 0.0000000 -0.0000000
492.7463732 -0.0000000 -0.0000000
493.2466233 0.0000000 -0.0000000
493.7468734 0.0000000 0.0000000
494.2471236 0.0000000 -0.0000000
494.7473737 -0.0000000 -0.0000000
495.2476238 -0.0000000 0.0000000
495.7478739 -0.0000000 -0.0000000
496.2481241 -0.0000000 -0.0000000
496.7483742 -0.0000000 -0.0000000
497.2486243 0.0000000 0.0000000
497.7488744 0.0000000 0.0000000
498.2491246 -0.0000000 0.0000000
498.7493747 -0.0000000 -0.0000000
499.2496248 0.0000000 -0.0000000
499.7498749 0.0000000 0.0000000
500.2501251 0.0000000 0.0000000
500.7503752 0.0000000 0.0000000
501.2506253 -0.0000000 0.0000000
501.7508754 -0.0000000 0.0000000
502.2511256 -0.0000000 0.0000000
502.7513757 0.0000000 -0.0000000
503.2516258 0.0000000 -0.0000000
503.7518759 0.0000000 0.0000000
504.2521261 0.0000000 0.0000000
504.7523762 -0.0000000 0.0000000
505.2526263 -0.0000000 0.0000000
505.7528764 0.0000000 0.0000000
506.2531266 -0.0000000 -0.0000000
506.7533767 -0.0000000 -0.0000000
507.2536268 -0.0000000 -0.0000000
507.7538769 0.0000000 0.0000000
508.2541271 -0.0000000 -0.0000000
508.7543772 -0.0000000 0.0000000
509.2546273 -0.0000000 -0.0000000
509.7548774 0.0000000 -0.0000000
510.2551276 0.0000000 0.0000000
510.7553777 -0.0000000 -0.0000000
511.2556278 0.0000000 -0.0000000
511.7558779 -0.0000000 0.0000000
512.2561281 0.0000000 -0.0000000
512.7563782 -0.0000000 -0.0000000
513.2566283 0.0000000 -0.0000000
513.7568784 0.0000000 0.0000000
514.2571286 -0.0000000 -0.0000000
514.7573787 0.0000000 0.0000000
515.2576288 0.0000000 0.0000000
515.7578789 -0.0000000 0.0000000
516.2581291 0.0000000 -0.0000000
516.7583792 -0.0000000 -0.0000000
517.2586293 0.0000000 -0.0000000
517.7588794 0.0000000 -0.0000000
518.2591296 0.0000000 -0.0000000
518.7593797 0.0000000 -0.0000000
519.2596298 0.0000000 -0.0000000
519.7598799 0.0000000 -0.0000000
520.2601301 0.0000000 -0.0000000
520.7603802 -0.0000000 -0.0000000
521.2606303 0.0000000 -0.0000000
521.7608804 0.0000000 0.0000000
522.2611306 0.0000000 -0.0000000
522.7613807 0.0000000 0.0000000
523.2616308 0.0000000 -0.0000000
523.7618809 0.0000000 -0.0000000
524.2621311 -0.0000000 0.0000000
524.7623812 0.0000000 -0.0000000
525.2626313 0.0000000 -0.0000000
525.7628814 -0.0000000 -0.0000000
526.2631316 0.0000000 -0.0000000
526.7633817 -0.0000000 0.0000000
527.2636318 0.0000000 0.0000000
527.7638819 0.0000000 -0.0000000
528.2641321 0.0000000 0.0000000
528.7643822 0.0000000 0.0000000
529.2646323 0.0000000 0.0000000
529.7648824 -0.0000000 0.0000000
530.2651326 0.0000000 -0.0000000
530.7653827 -0.0000000 0.0000000
531.2656328 -0.0000000 0.0000000
531.7658829 0.0000000 0.0000000
532.2661331 0.0000000 -0.0000000
532.7663832 -0.0000000 -0.0000000
533.2666333 0.0000000 -0.0000000
533.7668834 -0.0000000 -0.0000000
534.2671336 -0.0000000 0.0000000
534.7673837 -0.0000000 0.0000000
535.2676338 -0.0000000 0.0000000
535.7678839 0.0000000 -0.0000000
536.2681341 0.0000000 0.0000000
536.7683842 0.0000000 0.0000000
537.2686343 -0.0000000 0.0000000
537.7688844 0.0000000 -0.0000000
538.2691346 0.0000000 -0.0000000
538.7693847 -0.0000000 0.0000000
539.2696348 0.0000000 0.0000000
539.7698849 -0.0000000 0.0000000
540.2701351 0.0000000 -0.0000000
540.7703852 -0.0000000 -0.0000000
541.2706353 -0.0000000 -0.0000000
541.7708854 0.0000000 -0.0000000
542.2711356 0.0000000 -0.0000000
542.7713857 0.0000000 -0.0000000
543.2716358 0.0000000 0.0000000
543.7718859 -0.0000000 -0.0000000
544.2721361 -0.0000000 -0.0000000
544.7723862 -0.0000000 -0.0000000
545.2726363 0.0000000 0.0000000
545.7728864 0.0000000 -0.0000000
546.2731366 -0.0000000 -0.0000000
546.7733867 -0.0000000 -0.0000000
547.2736368 0.0000000 0.0000000
547.7738869 -0.0000000 0.0000000
548.2741371 0.0000000 -0.0000000
548.7743872 0.0000000 -0.0000000
549.2746373 -0.0000000 0.0000000
549.7748874 -0.0000000 0.0000000
550.2751376 0.0000000 -0.0000000
550.7753877 0.0000000 0.0000000
551.2756378 -0.0000000 -0.0000000
551.7758879 0.0000000 0.0000000
552.2761381 0.0000000 -0.0000000
552.7763882 0.0000000 0.0000000
553.2766383 -0.0000000 -0.0000000
553.7768884 0.0000000 -0.0000000
554.2771386 -0.0000000 0.0000000
554.7773887 -0.0000000 -0.0000000
555.2776388 -0.0000000 -0.0000000
555.7778889 0.0000000 -0.0000000
556.2781391 0.0000000 -0.0000000
556.7783892 -0.0000000 -0.0000000
557.2786393 0.0000000 -0.0000000
557.7788894 -0.0000000 -0.0000000
558.2791396 0.0000000 0.0000000
558.7793897 0.0000000 -0.0000000
559.2796398 0.0000000 0.0000000
559.7798899 0.0000000 -0.0000000
560.2801401 -0.0000000 -0.0000000
560.7803902 -0.0000000 -0.0000000
561.2806403 0.0000000 -0.0000000
561.7808904 0.0000000 -0.0000000
562.2811406 -0.0000000 -0.0000000
562.7813907 0.0000000 -0.0000000
563.2816408 -0.0000000 0.0000000
563.7818909 0.0000000 -0.0000000
564.2821411 -0.0000000 0.0000000
564.7823912 -0.0000000 0.0000000
565.2826413 0.0000000 0.0000000
565.7828914 -0.0000000 -0.0000000
566.2831416 -0.0000000 0.0000000
566.7833917 -0.0000000 0.0000000
567.2836418 -0.0000000 -0.0000000
567.7838919 -0.0000000 -0.0000000
568.2841421 -0.0000000 0.0000000
568.7843922 0.0000000 -0.0000000
569.2846423 -0.0000000 0.0000000
569.7848924 -0.0000000 -0.0000000
570.2851426 0.0000000 0.0000000
570.7853927 -0.0000000 -0.0000000
571.2856428 0.0000000 -0.0000000
571.7858929 -0.0000000 0.0000000
572.2861431 -0.0000000 0.0000000
572.7863932 -0.0000000 0.0000000
573.2866433 0.0000000 0.0000000
573.7868934 -0.0000000 -0.0000000
574.2871436 -0.0000000 -0.0000000
574.7873937 0.0000000 -0.0000000
575.2876438 0.0000000 0.0000000
575.7878939 -0.0000000 0.0000000
576.2881441 -0.0000000 -0.0000000
576.7883942 -0.0000000 -0.0000000
577.2886443 -0.0000000 -0.0000000
577.7888944 -0.0000000 -0.0000000
578.2891446 -0.0000000 -0.0000000
578.7893947 -0.0000000 0.0000000
579.2896448 0.0000000 0.0000000
579.7898949 0.0000000 -0.0000000
580.2901451 0.0000000 -0.0000000
580.7903952 0.0000000 -0.0000000
581.2906453 -0.0000000 -0.0000000
581.7908954 0.0000000 -0.0000000
582.2911456 0.0000000 0.0000000
582.7913957 -0.0000000 0.0000000
583.2916458 0.0000000 0.0000000
583.7918959 -0.0000000 -0.0000000
584.2921461 -0.0000000 0.0000000
584.7923962 -0.0000000 0.0000000
585.2926463 0.0000000 -0.0000000
585.7928964 0.0000000 -0.0000000
586.2931466 0.0000000 -0.0000000
586.7933967 0.0000000 -0.0000000
587.2936468 -0.0000000 -0.0000000
587.7938969 -0.0000000 -0.0000000
588.2941471 -0.0000000 0.0000000
588.7943972 0.0000000 -0.0000000
589.2946473 -0.0000000 -0.0000000
589.7948974 0.0000000 0.0000000
590.2951476 0.0000000 -0.0000000
590.7953977 -0.0000000 -0.0000000
591.2956478 -0.0000000 -0.0000000
591.7958979 0.0000000 0.0000000
592.2961481 -0.0000000 -0.0000000
592.7963982 -0.0000000 -0.0000000
593.2966483 -0.0000000 -0.0000000
593.7968984 -0.0000000 -0.0000000
594.2971486 -0.0000000 -0.0000000
594.7973987 -0.0000000 0.0000000
595.2976488 -0.0000000 -0.0000000
595.7978989 0.0000000 0.0000000
596.2981491 0.0000000 0.0000000
596.7983992 0.0000000 0.0000000
597.2986493 0.0000000 -0.0000000
597.7988994 0.0000000 -0.0000000
598.2991496 -0.0000000 -0.0000000
598.7993997 -0.0000000 0.0000000
599.2996498 -0.0000000 -0.0000000
599.7998999 -0.0000000 0.0000000
600.3001501 0.0000000 0.0000000
600.8004002 0.0000000 0.0000000
601.3006503 -0.0000000 -0.0000000
601.8009005 0.0000000 -0.0000000
602.3011506 0.0000000 0.0000000
602.8014007 0.0000000 -0.0000000
603.3016508 -0.0000000 0.0000000
603.8019010 0.0000000 -0.0000000
604.3021511 -0.0000000 0.0000000
604.8024012 -0.0000000 0.0000000
605.3026513 -0.0000000 -0.0000000
605.8029015 -0.0000000 -0.0000000
606.3031516 0.0000000 -0.0000000
606.8034017 0.0000000 -0.0000000
607.3036518 -0.0000000 -0.0000000
607.8039020 -0.0000000 0.0000000
608.3041521 0.0000000 0.0000000
608.8044022 0.0000000 -0.0000000
609.3046523 0.0000000 -0.0000000
609.8049025 -0.0000000 -0.0000000
610.3051526 -0.0000000 0.0000000
610.8054027 0.0000000 0.0000000
611.3056528 0.0000000 0.0000000
611.8059030 -0.0000000 0.0000000
612.3061531 0.0000000 -0.0000000
612.8064032 0.0000000 0.0000000
613.3066533 -0.0000000 0.0000000
613.8069035 0.0000000 -0.0000000
614.3071536 0.0000000 0.0000000
614.8074037 0.0000000 0.0000000
615.3076538 0.0000000 0.0000000
615.8079040 -0.0000000 0.0000000
616.3081541 0.0000000 0.0000000
616.8084042 -0.0000000 -0.0000000
617.3086543 -0.0000000 0.0000000
617.8089045 0.0000000 0.0000000
618.3091546 -0.0000000 0.0000000
618.8094047 -0.0000000 -0.0000000
619.3096548 0.0000000 0.0000000
619.8099050 0.0000000 -0.0000000
620.3101551 0.0000000 0.0000000
620.8104052 -0.0000000 -0.0000000
621.3106553 -0.0000000 0.0000000
621.8109055 0.0000000 0.0000000
622.3111556 0.0000000 0.0000000
622.8114057 0.0000000 0.0000000
623.3116558 0.0000000 0.0000000
623.8119060 -0.0000000 0.0000000
624.3121561 0.0000000 -0.0000000
624.8124062 0.0000000 0.0000000
625.3126563 0.0000000 -0.0000000
625.8129065 0.0000000 0.0000000
626.3131566 -0.0000000 0.0000000
626.8134067 -0.0000000 0.0000000
627.3136568 -0.0000000 0.0000000
627.8139070 -0.0000000 0.0000000
628.3141571 0.0000000 -0.0000000
628.8144072 -0.0000000 -0.0000000
629.3146573 0.0000000 -0.0000000
629.8149075 0.0000000 -0.0000000
630.3151576 0.0000000 0.0000000
630.8154077 0.0000000 -0.0000000
631.3156578 0.0000000 0.0000000
631.8159080 0.0000000 -0.0000000
632.3161581 0.0000000 0.0000000
632.8164082 0.0000000 0.0000000
633.3166583 0.0000000 -0.0000000
633.8169085 -0.0000000 0.0000000
634.3171586 -0.0000000 -0.0000000
634.8174087 0.0000000 0.0000000
635.3176588 0.0000000 0.0000000
635.8179090 -0.0000000 -0.0000000
636.3181591 0.0000000 0.0000000
636.8184092 -0.0000000 -0.0000000
637.3186593 0.0000000 -0.0000000
637.8189095 -0.0000000 -0.0000000
638.3191596 0.0000000 0.0000000
638.8194097 -0.0000000 0.0000000
639.3196598 0.0000000 -0.0000000
639.8199100 0.0000000 -0.0000000
640.3201601 -0.0000000 0.0000000
640.8204102 0.0000000 0.0000000
641.3206603 0.0000000 0.0000000
641.8209105 0.0000000 -0.0000000
642.3211606 0.0000000 -0.0000000
642.8214107 0.0000000 -0.0000000
643.3216608 0.0000000 -0.0000000
643.8219110 -0.0000000 -0.0000000
644.3221611 -0.0000000 -0.0000000
644.8224112 0.0000000 -0.0000000
645.3226613 -0.0000000 -0.0000000
645.8229115 -0.0000000 0.0000000
646.3231616 -0.0000000 0.0000000
646.8234117 -0.0000000 0.0000000
647.3236618 -0.0000000 0.0000000
647.8239120 -0.0000000 -0.0000000
648.3241621 -0.0000000 0.0000000
648.8244122 -0.0000000 -0.0000000
649.3246623 -0.0000000 0.0000000
649.8249125 0.0000000 0.0000000
650.3251626 -0.0000000 -0.0000000
650.8254127 0.0000000 -0.0000000
651.3256628 -0.0000000 0.0000000
651.8259130 0.0000000 -0.0000000
652.3261631 0.0000000 0.0000000
652.8264132 0.0000000 -0.0000000
653.3266633 -0.0000000 0.0000000
653.8269135 -0.0000000 0.0000000
654.3271636 0.0000000 -0.0000000
654.8274137 -0.0000000 -0.0000000
655.3276638 -0.0000000 -0.0000000
655.8279140 0.0000000 -0.0000000
656.3281641 -0.0000000 0.0000000
656.8284142 -0.0000000 0.0000000
657.3286643 0.0000000 -0.0000000
657.8289145 -0.0000000 -0.0000000
658.3291646 -0.0000000 0.0000000
658.8294147 0.0000000 -0.0000000
659.3296648 -0.0000000 -0.0000000
659.8299150 -0.0000000 0.0000000
660.3301651 0.0000000 0.0000000
660.8304152 -0.0000000 -0.0000000
661.3306653 0.0000000 -0.0000000
661.8309155 -0.0000000 0.0000000
662.3311656 -0.0000000 -0.0000000
662.8314157 -0.0000000 -0.0000000
663.3316658 0.0000000 -0.0000000
663.8319160 0.0000000 0.0000000
664.3321661 -0.0000000 0.0000000
664.8324162 -0.0000000 -0.0000000
665.3326663 0.0000000 0.0000000
665.8329165 -0.0000000 0.0000000
666.3331666 -0.0000000 -0.0000000
666.8334167 -0.0000000 0.0000000
667.3336668 -0.0000000 -0.0000000
667.8339170 0.0000000 -0.0000000
668.3341671 -0.0000000 -0.0000000
668.8344172 -0.0000000 -0.0000000
669.3346673 -0.0000000 -0.0000000
669.8349175 0.0000000 -0.0000000
670.3351676 -0.0000000 0.0000000
670.8354177 0.0000000 -0.0000000
671.3356678 -0.0000000 -0.0000000
671.8359180 -0.0000000 -0.0000000
672.3361681 0.0000000 0.0000000
672.8364182 0.0000000 0.0000000
673.3366683 -0.0000000 0.0000000
673.8369185 -0.0000000 0.0000000
674.3371686 0.0000000 0.0000000
674.8374187 -0.0000000 0.0000000
675.3376688 -0.0000000 -0.0000000
675.8379190 0.0000000 -0.0000000
676.3381691 0.0000000 -0.0000000
676.8384192 -0.0000000 0.0000000
677.3386693 0.0000000 0.0000000
677.8389195 0.0000000 -0.0000000
678.3391696 -0.0000000 0.0000000
678.8394197 0.0000000 0.0000000
679.3396698 -0.0000000 0.0000000
679.8399200 0.0000000 -0.0000000
680.3401701 0.0000000 0.0000000
680.8404202 -0.0000000 -0.0000000
681.3406703 -0.0000000 -0.0000000
681.8409205 0.0000000 0.0000000
682.3411706 -0.0000000 0.0000000
682.8414207 -0.0000000 0.0000000
683.3416708 0.0000000 -0.0000000
683.8419210 -0.0000000 0.0000000
684.3421711 0.0000000 -0.0000000
684.8424212 -0.0000000 0.0000000
685.3426713 0.0000000 -0.0000000
685.8429215 0.0000000 -0.0000000
686.3431716 -0.0000000 -0.0000000
686.8434217 0.0000000 0.0000000
687.3436718 0.0000000 0.0000000
687.8439220 -0.0000000 0.0000000
688.3441721 -0.0000000 0.0000000
688.8444222 0.0000000 0.0000000
689.3446723 -0.0000000 0.0000000
689.8449225 -0.0000000 -0.0000000
690.3451726 0.0000000 -0.0000000
690.8454227 0.0000000 -0.0000000
691.3456728 -0.0000000 -0.0000000
691.8459230 -0.0000000 0.0000000
692.3461731 -0.0000000 -0.0000000
692.8464232 -0.0000000 0.0000000
693.3466733 -0.0000000 0.0000000
693.8469235 0.0000000 -0.0000000
694.3471736 -0.0000000 -0.0000000
694.8474237 -0.0000000 0.0000000
695.3476738 0.0000000 -0.0000000
695.8479240 -0.0000000 -0.0000000
696.3481741 0.0000000 -0.0000000
696.8484242 -0.0000000 -0.0000000
697.3486743 -0.0000000 0.0000000
697.8489245 0.0000000 0.0000000
698.3491746 -0.0000000 0.0000000
698.8494247 -0.0000000 0.0000000
699.3496748 -0.0000000 -0.0000000
699.8499250 -0.0000000 0.0000000
700.3501751 -0.0000000 -0.0000000
700.8504252 0.0000000 -0.0000000
701.3506753 0.0000000 0.0000000
701.8509255 -0.0000000 0.0000000
702.3511756 0.0000000 -0.0000000
702.8514257 -0.0000000 -0.0000000
703.3516758 -0.0000000 0.0000000
703.8519260 -0.0000000 -0.0000000
704.3521761 0.0000000 0.0000000
704.8524262 0.0000000 0.0000000
705.3526763 0.0000000 -0.0000000
705.8529265 0.0000000 0.0000000
706.3531766 -0.0000000 -0.0000000
706.8534267 -0.0000000 -0.0000000
707.3536768 0.0000000 0.0000000
707.8539270 -0.0000000 0.0000000
708.3541771 -0.0000000 0.0000000
708.8544272 0.0000000 -0.0000000
709.3546773 0.0000000 0.0000000
709.8549275 0.0000000 0.0000000
710.3551776 -0.0000000 0.0000000
710.8554277 -0.0000000 -0.0000000
711.3556778 0.0000000 -0.0000000
711.8559280 -0.0000000 0.0000000
712.3561781 -0.0000000 0.0000000
712.8564282 0.0000000 0.0000000
713.3566783 -0.0000000 0.0000000
713.8569285 0.0000000 0.0000000
714.3571786 -0.0000000 0.0000000
714.8574287 -0.0000000 0.0000000
715.3576788 -0.0000000 -0.0000000
715.8579290 0.0000000 -0.0000000
716.3581791 -0.0000000 -0.0000000
716.8584292 0.0000000 0.0000000
717.3586793 0.0000000 0.0000000
717.8589295 0.0000000 0.0000000
718.3591796 0.0000000 -0.0000000
718.8594297 0.0000000 0.0000000
719.3596798 0.0000000 -0.0000000
719.8599300 -0.0000000 0.0000000
720.3601801 0.0000000 0.0000000
720.8604302 0.0000000 0.0000000
721.3606803 0.0000000 -0.0000000
721.8609305 0.0000000 -0.0000000
722.3611806 0.0000000 -0.0000000
722.8614307 0.0000000 -0.0000000
723.3616808 -0.0000000 0.0000000
723.8619310 -0.0000000 -0.0000000
724.3621811 0.0000000 0.0000000
724.8624312 -0.0000000 0.0000000
725.3626813 0.0000000 0.0000000
725.8629315 -0.0000000 0.0000000
726.3631816 0.0000000 -0.0000000
726.8634317 0.0000000 -0.0000000
727.3636818 0.0000000 -0.0000000
727.8639320 0.0000000 0.0000000
728.3641821 0.0000000 0.0000000
728.8644322 -0.0000000 0.0000000
729.3646823 0.0000000 0.0000000
729.8649325 0.0000000 -0.0000000
730.3651826 0.0000000 -0.0000000
730.8654327 -0.0000000 0.0000000
731.3656828 0.0000000 -0.0000000
731.8659330 0.0000000 -0.0000000
732.3661831 0.0000000 0.0000000
732.8664332 -0.0000000 0.0000000
733.3666833 0.0000000 -0.0000000
733.8669335 -0.0000000 -0.0000000
734.3671836 -0.0000000 -0.0000000
734.8674337 -0.0000000 0.0000000
735.3676838 0.0000000 -0.0000000
735.8679340 -0.0000000 0.0000000
736.3681841 0.0000000 -0.0000000
736.8684342 0.0000000 0.0000000
737.3686843 -0.0000000 0.0000000
737.8689345 -0.0000000 0.0000000
738.3691846 -0.0000000 0.0000000
738.8694347 -0.0000000 0.0000000
739.3696848 0.0000000 0.0000000
739.8699350 -0.0000000 -0.0000000
740.3701851 -0.0000000 -0.0000000
740.8704352 0.0000000 -0.0000000
741.3706853 -0.0000000 0.0000000
741.8709355 -0.0000000 -0.0000000
742.3711856 -0.0000000 -0.0000000
742.8714357 0.0000000 0.0000000
743.3716858 -0.0000000 -0.0000000
743.8719360 -0.0000000 0.0000000
744.3721861 0.0000000 0.0000000
744.8724362 0.0000000 -0.0000000
745.3726863 0.0000000 0.0000000
745.8729365 -0.0000000 -0.0000000
746.3731866 0.0000000 -0.0000000
746.8734367 0.0000000 -0.0000000
747.3736868 -0.0000000 0.0000000
747.8739370 0.0000000 0.0000000
748.3741871 -0.0000000 0.0000000
748.8744372 0.0000000 -0.0000000
749.3746873 -0.0000000 0.0000000
749.8749375 -0.0000000 -0.0000000
750.3751876 -0.0000000 0.0000000
750.8754377 -0.0000000 0.0000000
751.3756878 0.0000000 0.0000000
751.8759380 0.0000000 -0.0000000
752.3761881 0.0000000 -0.0000000
752.8764382 0.0000000 0.0000000
753.3766883 -0.0000000 -0.0000000
753.8769385 -0.0000000 -0.0000000
754.3771886 -0.0000000 -0.0000000
754.8774387 0.0000000 -0.0000000
755.3776888 0.0000000 -0.0000000
755.8779390 0.0000000 -0.0000000
756.3781891 -0.0000000 0.0000000
756.8784392 -0.0000000 0.0000000
757.3786893 0.0000000 -0.0000000
757.8789395 -0.0000000 -0.0000000
758.3791896 -0.0000000 0.0000000
758.8794397 -0.0000000 0.0000000
759.3796898 -0.0000000 -0.0000000
759.8799400 -0.0000000 0.0000000
760.3801901 0.0000000 -0.0000000
760.8804402 -0.0000000 0.0000000
761.3806903 0.0000000 0.0000000
761.8809405 -0.0000000 0.0000000
762.3811906 0.0000000 -0.0000000
762.8814407 0.0000000 0.0000000
763.3816908 0.0000000 -0.0000000
763.8819410 0.0000000 -0.0000000
764.3821911 -0.0000000 -0.0000000
764.8824412 0.0000000 -0.0000000
765.3826913 -0.0000000 -0.0000000
765.8829415 -0.0000000 -0.0000000
766.3831916 -0.0000000 0.0000000
766.8834417 0.0000000 -0.0000000
767.3836918 -0.0000000 0.0000000
767.8839420 0.0000000 -0.0000000
768.3841921 0.0000000 -0.0000000
768.8844422 -0.0000000 -0.0000000
769.3846923 -0.0000000 0.0000000
769.8849425 0.0000000 -0.0000000
770.3851926 -0.0000000 0.0000000
770.8854427 0.0000000 -0.0000000
771.3856928 -0.0000000 -0.0000000
771.8859430 -0.0000000 0.0000000
772.3861931 -0.0000000 0.0000000
772.8864432 -0.0000000 0.0000000
773.3866933 0.0000000 0.0000000
773.8869435 -0.0000000 0.0000000
774.3871936 -0.0000000 -0.0000000
774.8874437 0.0000000 -0.0000000
775.3876938 0.0000000 0.0000000
775.8879440 -0.0000000 -0.0000000
776.3881941 -0.0000000 0.0000000
776.8884442 -0.0000000 0.0000000
777.3886943 0.0000000 0.0000000
777.8889445 0.0000000 0.0000000
778.3891946 0.0000000 0.0000000
778.8894447 -0.0000000 0.0000000
779.3896948 -0.0000000 -0.0000000
779.8899450 -0.0000000 0.0000000
780.3901951 0.0000000 0.0000000
780.8904452 0.0000000 -0.0000000
781.3906953 -0.0000000 -0.0000000
781.8909455 -0.0000000 -0.0000000
782.3911956 -0.0000000 0.0000000
782.8914457 0.0000000 -0.0000000
783.3916958 -0.0000000 0.0000000
783.8919460 0.0000000 -0.0000000
784.3921961 0.0000000 0.0000000
784.8924462 -0.0000000 0.0000000
785.3926963 -0.0000000 0.0000000
785.8929465 -0.0000000 -0.0000000
786.3931966 -0.0000000 0.0000000
786.8934467 0.0000000 -0.0000000
787.3936968 0.0000000 0.0000000
787.8939470 -0.0000000 -0.0000000
788.3941971 -0.0000000 0.0000000
788.8944472 -0.0000000 0.0000000
789.3946973 0.0000000 -0.0000000
789.8949475 -0.0000000 -0.0000000
790.3951976 -0.0000000 -0.0000000
790.8954477 0.0000000 -0.0000000
791.3956978 -0.0000000 -0.0000000
791.8959480 -0.0000000 0.0000000
792.3961981 0.0000000 -0.0000000
792.8964482 -0.0000000 -0.0000000
793.3966983 -0.0000000 -0.0000000
793.8969485 -0.0000000 -0.0000000
794.3971986 0.0000000 0.0000000
794.8974487 0.0000000 0.0000000
795.3976988 -0.0000000 -0.0000000
795.8979490 0.0000000 0.0000000
796.3981991 -0.0000000 0.0000000
796.8984492 0.0000000 -0.0000000
797.3986993 0.0000000 -0.0000000
797.8989495 -0.0000000 0.0000000
798.3991996 -0.0000000 0.0000000
798.8994497 0.0000000 -0.0000000
799.3996998 -0.0000000 -0.0000000
799.8999500 -0.0000000 -0.0000000
800.4002001 0.0000000 0.0000000
800.9004502 0.0000000 0.0000000
801.4007004 -0.0000000 0.0000000
801.9009505 -0.0000000 -0.0000000
802.4012006 0.0000000 0.0000000
802.9014507 0.0000000 0.0000000
803.4017009 0.0000000 -0.0000000
803.9019510 -0.0000000 -0.0000000
804.4022011 -0.0000000 0.0000000
804.9024512 0.0000000 0.0000000
805.4027014 -0.0000000 -0.0000000
805.9029515 -0.0000000 0.0000000
806.4032016 0.0000000 -0.0000000
806.9034517 0.0000000 -0.0000000
807.4037019 -0.0000000 -0.0000000
807.9039520 0.0000000 0.0000000
808.4042021 0.0000000 0.0000000
808.9044522 0.0000000 0.0000000
809.4047024 0.0000000 -0.0000000
809.9049525 -0.0000000 -0.0000000
810.4052026 0.0000000 0.0000000
810.9054527 -0.0000000 0.0000000
811.4057029 0.0000000 -0.0000000
811.9059530 0.0000000 -0.0000000
812.4062031 0.0000000 0.0000000
812.9064532 0.0000000 0.0000000
813.4067034 0.0000000 -0.0000000
813.9069535 0.0000000 0.0000000
814.4072036 -0.0000000 0.0000000
814.9074537 0.0000000 -0.0000000
815.4077039 -0.0000000 0.0000000
815.9079540 -0.0000000 0.0000000
816.4082041 -0.0000000 -0.0000000
816.9084542 0.0000000 0.0000000
817.4087044 -0.0000000 0.0000000
817.9089545 -0.0000000 -0.0000000
818.4092046 0.0000000 -0.0000000
818.9094547 0.0000000 -0.0000000
819.4097049 -0.0000000 -0.0000000
819.9099550 0.0000000 0.0000000
820.4102051 -0.0000000 -0.0000000
820.9104552 -0.0000000 0.0000000
821.4107054 -0.0000000 0.0000000
821.9109555 -0.0000000 0.0000000
822.4112056 0.0000000 -0.0000000
822.9114557 -0.0000000 0.0000000
823.4117059 -0.0000000 -0.0000000
823.9119560 -0.0000000 0.0000000
824.4122061 -0.0000000 0.0000000
824.9124562 0.0000000 0.0000000
825.4127064 -0.0000000 0.0000000
825.9129565 -0.0000000 -0.0000000
826.4132066 -0.0000000 0.0000000
826.9134567 0.0000000 -0.0000000
827.4137069 -0.0000000 -0.0000000
827.9139570 -0.0000000 0.0000000
828.4142071 -0.0000000 0.0000000
828.9144572 0.0000000 -0.0000000
829.4147074 0.0000000 0.0000000
829.9149575 0.0000000 -0.0000000
830.4152076 -0.0000000 0.0000000
830.9154577 0.0000000 0.0000000
831.4157079 0.0000000 -0.0000000
831.9159580 0.0000000 -0.0000000
832.4162081 -0.0000000 0.0000000
832.9164582 -0.0000000 0.0000000
833.4167084 0.0000000 0.0000000
833.9169585 0.0000000 0.0000000
834.4172086 -0.0000000 0.0000000
834.9174587 0.0000000 -0.0000000
835.4177089 -0.0000000 -0.0000000
835.9179590 0.0000000 0.0000000
836.4182091 -0.0000000 -0.0000000
836.9184592 0.0000000 -0.0000000
837.4187094 -0.0000000 0.0000000
837.9189595 -0.0000000 -0.0000000
838.4192096 -0.0000000 0.0000000
838.9194597 -0.0000000 -0.0000000
839.4197099 -0.0000000 -0.0000000
839.9199600 -0.0000000 -0.0000000
840.4202101 -0.0000000 -0.0000000
840.9204602 0.0000000 -0.0000000
841.4207104 -0.0000000 0.0000000
841.9209605 -0.0000000 -0.0000000
842.4212106 -0.0000000 -0.0000000
842.9214607 0.0000000 0.0000000
843.4217109 0.0000000 -0.0000000
843.9219610 0.0000000 0.0000000
844.4222111 0.0000000 0.0000000
844.9224612 0.0000000 0.0000000
845.4227114 0.0000000 0.0000000
845.9229615 0.0000000 -0.0000000
846.4232116 0.0000000 -0.0000000
846.9234617 -0.0000000 -0.0000000
847.4237119 0.0000000 -0.0000000
847.9239620 0.0000000 -0.0000000
848.4242121 -0.0000000 -0.0000000
848.9244622 -0.0000000 -0.0000000
849.4247124 -0.0000000 -0.0000000
849.9249625 0.0000000 -0.0000000
850.4252126 0.0000000 0.0000000
850.9254627 -0.0000000 -0.0000000
851.4257129 0.0000000 0.0000000
851.9259630 -0.0000000 -0.0000000
852.4262131 0.0000000 0.0000000
852.9264632 -0.0000000 0.0000000
853.4267134 0.0000000 -0.0000000
853.9269635 0.0000000 0.0000000
854.4272136 -0.0000000 0.0000000
854.9274637 -0.0000000 0.0000000
855.4277139 0.0000000 -0.0000000
855.9279640 0.0000000 -0.0000000
856.4282141 0.0000000 0.0000000
856.9284642 -0.0000000 -0.0000000
857.4287144 0.0000000 -0.0000000
857.9289645 0.0000000 -0.0000000
858.4292146 0.0000000 0.0000000
858.9294647 0.0000000 0.0000000
859.4297149 -0.0000000 0.0000000
859.9299650 0.0000000 0.0000000
860.4302151 0.0000000 0.0000000
860.9304652 -0.0000000 0.0000000
861.4307154 0.0000000 0.0000000
861.9309655 0.0000000 -0.0000000
862.4312156 -0.0000000 0.0000000
862.9314657 0.0000000 0.0000000
863.4317159 -0.0000000 0.0000000
863.9319660 -0.0000000 -0.0000000
864.4322161 -0.0000000 -0.0000000
864.9324662 -0.0000000 -0.0000000
865.4327164 -0.0000000 0.0000000
865.9329665 0.0000000 0.0000000
866.4332166 0.0000000 -0.0000000
866.9334667 -0.0000000 0.0000000
867.4337169 0.0000000 0.0000000
867.9339670 0.0000000 0.0000000
868.4342171 0.0000000 0.0000000
868.9344672 0.0000000 -0.0000000
869.4347174 0.0000000 0.0000000
869.9349675 -0.0000000 -0.0000000
870.4352176 -0.0000000 -0.0000000
870.9354677 -0.0000000 0.0000000
871.4357179 0.0000000 -0.0000000
871.9359680 0.0000000 0.0000000
872.4362181 0.0000000 0.0000000
872.9364682 -0.0000000 -0.0000000
873.4367184 -0.0000000 -0.0000000
873.9369685 -0.0000000 -0.0000000
874.4372186 -0.0000000 -0.0000000
874.9374687 -0.0000000 0.0000000
875.4377189 -0.0000000 -0.0000000
875.9379690 -0.0000000 -0.0000000
876.4382191 -0.0000000 0.0000000
876.9384692 0.0000000 -0.0000000
877.4387194 0.0000000 0.0000000
877.9389695 -0.0000000 0.0000000
878.4392196 0.0000000 0.0000000
878.9394697 -0.0000000 -0.0000000
879.4397199 -0.0000000 0.0000000
879.9399700 -0.0000000 -0.0000000
880.4402201 0.0000000 0.0000000
880.9404702 0.0000000 -0.0000000
881.4407204 0.0000000 0.0000000
881.9409705 -0.0000000 -0.0000000
882.4412206 -0.0000000 0.0000000
882.9414707 0.0000000 0.0000000
883.4417209 -0.0000000 -0.0000000
883.9419710 0.0000000 0.0000000
884.4422211 0.0000000 0.0000000
884.9424712 -0.0000000 0.0000000
885.4427214 -0.0000000 0.0000000
885.9429715 -0.0000000 0.0000000
886.4432216 -0.0000000 -0.0000000
886.9434717 0.0000000 -0.0000000
887.4437219 0.0000000 0.0000000
887.9439720 -0.0000000 -0.0000000
888.4442221 -0.0000000 -0.0000000
888.9444722 -0.0000000 -0.0000000
889.4447224 -0.0000000 0.0000000
889.9449725 0.0000000 -0.0000000
890.4452226 0.0000000 -0.0000000
890.9454727 0.0000000 -0.0000000
891.4457229 0.0000000 0.0000000
891.9459730 0.0000000 0.0000000
892.4462231 -0.0000000 -0.0000000
892.9464732 -0.0000000 0.0000000
893.4467234 -0.0000000 0.0000000
893.9469735 0.0000000 -0.0000000
894.4472236 -0.0000000 0.0000000
894.9474737 0.0000000 -0.0000000
895.4477239 -0.0000000 0.0000000
895.9479740 -0.0000000 -0.0000000
896.4482241 -0.0000000 -0.0000000
896.9484742 -0.0000000 -0.0000000
897.4487244 0.0000000 0.0000000
897.9489745 0.0000000 -0.0000000
898.4492246 -0.0000000 -0.0000000
898.9494747 -0.0000000 0.0000000
899.4497249 -0.0000000 0.0000000
899.9499750 -0.0000000 -0.0000000
900.4502251 -0.0000000 0.0000000
900.9504752 0.0000000 -0.0000000
901.4507254 0.0000000 0.0000000
901.9509755 0.0000000 0.0000000
902.4512256 -0.0000000 -0.0000000
902.9514757 -0.0000000 -0.0000000
903.4517259 -0.0000000 -0.0000000
903.9519760 0.0000000 -0.0000000
904.4522261 -0.0000000 0.0000000
904.9524762 0.0000000 -0.0000000
905.4527264 0.0000000 0.0000000
905.9529765 0.0000000 0.0000000
906.4532266 0.0000000 0.0000000
906.9534767 -0.0000000 0.0000000
907.4537269 -0.0000000 -0.0000000
907.9539770 -0.0000000 -0.0000000
908.4542271 -0.0000000 -0.0000000
908.9544772 -0.0000000 0.0000000
909.4547274 0.0000000 0.0000000
909.9549775 0.0000000 0.0000000
910.4552276 -0.0000000 0.0000000
910.9554777 -0.0000000 0.0000000
911.4557279 0.0000000 -0.0000000
911.9559780 0.0000000 0.0000000
912.4562281 -0.0000000 0.0000000
912.9564782 -0.0000000 -0.0000000
913.4567284 0.0000000 -0.0000000
913.9569785 0.0000000 0.0000000
914.4572286 -0.0000000 0.0000000
914.9574787 0.0000000 -0.0000000
915.4577289 -0.0000000 -0.0000000
915.9579790 0.0000000 0.0000000
916.4582291 0.0000000 0.0000000
916.9584792 -0.0000000 0.0000000
917.4587294 0.0000000 0.0000000
917.9589795 -0.0000000 -0.0000000
918.4592296 -0.0000000 -0.0000000
918.9594797 0.0000000 0.0000000
919.4597299 -0.0000000 0.0000000
919.9599800 0.0000000 -0.0000000
920.4602301 -0.0000000 0.0000000
920.9604802 -0.0000000 0.0000000
921.4607304 -0.0000000 0.0000000
921.9609805 0.0000000 0.0000000
922.4612306 -0.0000000 0.0000000
922.9614807 0.0000000 -0.0000000
923.4617309 -0.0000000 -0.0000000
923.9619810 0.0000000 0.0000000
924.4622311 0.0000000 -0.0000000
924.9624812 -0.0000000 0.0000000
925.4627314 0.0000000 -0.0000000
925.9629815 -0.0000000 0.0000000
926.4632316 0.0000000 0.0000000
926.9634817 0.0000000 -0.0000000
927.4637319 -0.0000000 0.0000000
927.9639820 -0.0000000 -0.0000000
928.4642321 -0.0000000 0.0000000
928.9644822 -0.0000000 -0.0000000
929.4647324 0.0000000 -0.0000000
929.9649825 -0.0000000 -0.0000000
930.4652326 0.0000000 0.0000000
930.9654827 -0.0000000 0.0000000
931.4657329 0.0000000 -0.0000000
931.9659830 0.0000000 0.0000000
932.4662331 -0.0000000 0.0000000
932.9664832 -0.0000000 -0.0000000
933.4667334 0.0000000 -0.0000000
933.9669835 0.0000000 0.0000000
934.4672336 0.0000000 -0.0000000
934.9674837 0.0000000 -0.0000000
935.4677339 -0.0000000 0.0000000
935.9679840 0.0000000 0.0000000
936.4682341 -0.0000000 -0.0000000
936.9684842 0.0000000 0.0000000
937.4687344 0.0000000 -0.0000000
937.9689845 0.0000000 0.0000000
938.4692346 0.0000000 0.0000000
938.9694847 -0.0000000 0.0000000
939.4697349 0.0000000 0.0000000
939.9699850 -0.0000000 -0.0000000
940.4702351 0.0000000 -0.0000000
940.9704852 -0.0000000 0.0000000
941.4707354 0.0000000 0.0000000
941.9709855 -0.0000000 -0.0000000
942.4712356 -0.0000000 0.0000000
942.9714857 -0.0000000 -0.0000000
943.4717359 0.0000000 -0.0000000
943.9719860 0.0000000 -0.0000000
944.4722361 0.0000000 0.0000000
944.9724862 -0.0000000 -0.0000000
945.4727364 0.0000000 0.0000000
945.9729865 -0.0000000 0.0000000
946.4732366 -0.0000000 -0.0000000
946.9734867 -0.0000000 -0.0000000
947.4737369 0.0000000 -0.0000000
947.9739870 0.0000000 0.0000000
948.4742371 -0.0000000 0.0000000
948.9744872 -0.0000000 -0.0000000
949.4747374 -0.0000000 -0.0000000
949.9749875 -0.0000000 0.0000000
950.4752376 -0.0000000 0.0000000
950.9754877 -0.0000000 -0.0000000
951.4757379 0.0000000 0.0000000
951.9759880 -0.0000000 -0.0000000
952.4762381 0.0000000 -0.0000000
952.9764882 -0.0000000 -0.0000000
953.4767384 0.0000000 0.0000000
953.9769885 -0.0000000 -0.0000000
954.4772386 0.0000000 0.0000000
954.9774887 0.0000000 0.0000000
955.4777389 -0.0000000 0.0000000
955.9779890 0.0000000 -0.0000000
956.4782391 -0.0000000 0.0000000
956.9784892 -0.0000000 0.0000000
957.4787394 -0.0000000 0.0000000
957.9789895 0.0000000 -0.0000000
958.4792396 0.0000000 0.0000000
958.9794897 0.0000000 0.0000000
959.4797399 -0.0000000 -0.0000000
959.9799900 -0.0000000 0.0000000
960.4802401 -0.0000000 -0.0000000
960.9804902 0.0000000 0.0000000
961.4807404 0.0000000 -0.0000000
961.9809905 -0.0000000 0.0000000
962.4812406 -0.0000000 0.0000000
962.9814907 0.0000000 -0.0000000
963.4817409 -0.0000000 -0.0000000
963.9819910 0.0000000 0.0000000
964.4822411 -0.0000000 0.0000000
964.9824912 -0.0000000 -0.0000000
965.4827414 0.0000000 -0.0000000
965.9829915 -0.0000000 -0.0000000
966.4832416 -0.0000000 -0.0000000
966.9834917 0.0000000 -0.0000000
967.4837419 0.0000000 0.0000000
967.9839920 -0.0000000 -0.0000000
968.4842421 -0.0000000 -0.0000000
968.9844922 -0.0000000 -0.0000000
969.4847424 -0.0000000 -0.0000000
969.9849925 0.0000000 0.0000000
970.4852426 -0.0000000 -0.0000000
970.9854927 0.0000000 0.0000000
971.4857429 -0.0000000 -0.0000000
971.9859930 0.0000000 0.0000000
972.4862431 -0.0000000 0.0000000
972.9864932 -0.0000000 0.0000000
973.4867434 0.0000000 -0.0000000
973.9869935 -0.0000000 0.0000000
974.4872436 -0.0000000 0.0000000
974.9874937 0.0000000 0.0000000
975.4877439 -0.0000000 0.0000000
975.9879940 0.0000000 -0.0000000
976.4882441 0.0000000 0.0000000
976.9884942 -0.0000000 -0.0000000
977.4887444 0.0000000 -0.0000000
977.9889945 -0.0000000 -0.0000000
978.4892446 0.0000000 0.0000000
978.9894947 -0.0000000 -0.0000000
979.4897449 -0.0000000 0.0000000
979.9899950 -0.0000000 0.0000000
980.4902451 -0.0000000 -0.0000000
980.9904952 0.0000000 -0.0000000
981.4907454 -0.0000000 0.0000000
981.9909955 -0.0000000 0.0000000
982.4912456 0.0000000 -0.0000000
982.9914957 -0.0000000 -0.0000000
983.4917459 0.0000000 -0.0000000
983.9919960 0.0000000 0.0000000
984.4922461 -0.0000000 -0.0000000
984.9924962 -0.0000000 0.0000000
985.4927464 0.0000000 -0.0000000
985.9929965 -0.0000000 0.0000000
986.4932466 0.0000000 -0.0000000
986.9934967 -0.0000000 0.0000000
987.4937469 0.0000000 0.0000000
987.9939970 -0.0000000 0.0000000
988.4942471 0.0000000 -0.0000000
988.9944972 0.0000000 0.0000000
989.4947474 0.0000000 0.0000000
989.9949975 -0.0000000 0.0000000
990.4952476 0.0000000 0.0000000
990.9954977 0.0000000 -0.0000000
991.4957479 -0.0000000 0.0000000
991.9959980 -0.0000000 -0.0000000
992.4962481 -0.0000000 0.0000000
992.9964982 -0.0000000 -0.0000000
993.4967484 0.0000000 0.0000000
993.9969985 0.0000000 -0.0000000
994.4972486 0.0000000 0.0000000
994.9974987 -0.0000000 -0.0000000
995.4977489 0.0000000 0.0000000
995.9979990 0.0000000 0.0000000
996.4982491 -0.0000000 0.0000000
996.9984992 0.0000000 -0.0000000
997.4987494 0.0000000 -0.0000000
997.9989995 0.0000000 -0.0000000
998.4992496 0.0000000 -0.0000000
998.9994997 0.0000000 -0.0000000
999.4997499 0.0000000 0.0000000
1000.0000000 0.0000000 -0.0000000
