0.0000000 0.0000000 -0.0000000
0.0500250 0.0000000 0.0001179
0.1000500 0.0000000 0.0004657
0.1500750 0.0000000 0.0010259
0.2001001 0.0000000 0.0017701
0.2501251 0.0000000 0.0026602
0.3001501 0.0000000 0.0036509
0.3501751 0.0000000 0.0046928
0.4002001 0.0000000 0.0057373
0.4502251 0.0000000 0.0067404
0.5002501 0.0000000 0.0076661
0.5502751 0.0000000 0.0084892
0.6003002 0.0000000 0.0091949
0.6503252 0.0000000 0.0097781
0.7003502 0.0000000 0.0102416
0.7503752 0.0000000 0.0105935
0.8004002 0.0000000 0.0108451
0.8504252 0.0000000 0.0110093
0.9004502 0.0000000 0.0110990
0.9504752 0.0000000 0.0111266
1.0005003 0.0000000 0.0111033
1.0505253 0.0000000 0.0110390
1.1005503 0.0000000 0.0109422
1.1505753 0.0000000 0.0108200
1.2006003 0.0000000 0.0106783
1.2506253 0.0000000 0.0105221
1.3006503 0.0000000 0.0103554
1.3506753 0.0000000 0.0101814
1.4007004 0.0000000 0.0100028
1.4507254 0.0000000 0.0098216
1.5007504 0.0000000 0.0096394
1.5507754 0.0000000 0.0094577
1.6008004 0.0000000 0.0092775
1.6508254 0.0000000 0.0090994
1.7008504 0.0000000 0.0089242
1.7508754 0.0000000 0.0087523
1.8009005 0.0000000 0.0085840
1.8509255 0.0000000 0.0084196
1.9009505 0.0000000 0.0082591
1.9509755 0.0000000 0.0081028
2.0010005 0.0000000 0.0079505
2.0510255 0.0000000 0.0078025
2.1010505 0.0000000 0.0076585
2.1510755 0.0000000 0.0075187
2.2011006 0.0000000 0.0073828
2.2511256 0.0000000 0.0072509
2.3011506 0.0000000 0.0071228
2.3511756 0.0000000 0.0069984
2.4012006 0.0000000 0.0068776
2.4512256 0.0000000 0.0067603
2.5012506 0.0000000 0.0066465
2.5512756 0.0000000 0.0065360
2.6013007 0.0000000 0.0064286
2.6513257 0.0000000 0.0063243
2.7013507 0.0000000 0.0062231
2.7513757 0.0000000 0.0061247
2.8014007 0.0000000 0.0060290
2.8514257 0.0000000 0.0059361
2.9014507 0.0000000 0.0058457
2.9514757 0.0000000 0.0057578
3.0015008 0.0000000 0.0056723
3.0515258 0.0000000 0.0055892
3.1015508 0.0000000 0.0055082
3.1515758 0.0000000 0.0054294
3.2016008 0.0000000 0.0053527
3.2516258 0.0000000 0.0052780
3.3016508 0.0000000 0.0052052
3.3516758 0.0000000 0.0051343
3.4017009 0.0000000 0.0050652
3.4517259 0.0000000 0.0049978
3.5017509 0.0000000 0.0049322
3.5517759 0.0000000 0.0048681
3.6018009 0.0000000 0.0048056
3.6518259 0.0000000 0.0047446
3.7018509 0.0000000 0.0046850
3.7518759 0.0000000 0.0046269
3.8019010 0.0000000 0.0045702
3.8519260 0.0000000 0.0045147
3.9019510 0.0000000 0.0044606
3.9519760 0.0000000 0.0044076
4.0020010 0.0000000 0.0043559
4.0520260 0.0000000 0.0043053
4.1020510 0.0000000 0.0042559
4.1520760 0.0000000 0.0042075
4.2021011 0.0000000 0.0041602
4.2521261 0.0000000 0.0041138
4.3021511 0.0000000 0.0040685
4.3521761 0.0000000 0.0040242
4.4022011 0.0000000 0.0039808
4.4522261 0.0000000 0.0039382
4.5022511 0.0000000 0.0038966
4.5522761 0.0000000 0.0038558
4.6023012 0.0000000 0.0038158
4.6523262 0.0000000 0.0037766
4.7023512 0.0000000 0.0037382
4.7523762 0.0000000 0.0037006
4.8024012 0.0000000 0.0036636
4.8524262 0.0000000 0.0036274
4.9024512 0.0000000 0.0035919
4.9524762 0.0000000 0.0035571
5.0025013 0.0000000 0.0035229
5.0525263 0.0000000 0.0034893
5.1025513 0.0000000 0.0034564
5.1525763 0.0000000 0.0034241
5.2026013 0.0000000 0.0033923
5.2526263 0.0000000 0.0033612
5.3026513 0.0000000 0.0033306
5.3526763 0.0000000 0.0033005
5.4027014 0.0000000 0.0032709
5.4527264 0.0000000 0.0032419
5.5027514 0.0000000 0.0032134
5.5527764 0.0000000 0.0031854
5.6028014 0.0000000 0.0031578
5.6528264 0.0000000 0.0031307
5.7028514 0.0000000 0.0031041
5.7528764 0.0000000 0.0030779
5.8029015 0.0000000 0.0030521
5.8529265 0.0000000 0.0030267
5.9029515 0.0000000 0.0030018
5.9529765 0.0000000 0.0029773
6.0030015 0.0000000 0.0029531
6.0530265 0.0000000 0.0029294
6.1030515 0.0000000 0.0029060
6.1530765 0.0000000 0.0028830
6.2031016 0.0000000 0.0028603
6.2531266 0.0000000 0.0028380
6.3031516 0.0000000 0.0028160
6.3531766 0.0000000 0.0027944
6.4032016 0.0000000 0.0027731
6.4532266 0.0000000 0.0027521
6.5032516 0.0000000 0.0027314
6.5532766 0.0000000 0.0027110
6.6033017 0.0000000 0.0026909
6.6533267 0.0000000 0.0026711
6.7033517 0.0000000 0.0026516
6.7533767 0.0000000 0.0026324
6.8034017 0.0000000 0.0026135
6.8534267 0.0000000 0.0025948
6.9034517 0.0000000 0.0025764
6.9534767 0.0000000 0.0025582
7.0035018 0.0000000 0.0025403
7.0535268 0.0000000 0.0025226
7.1035518 0.0000000 0.0025052
7.1535768 0.0000000 0.0024880
7.2036018 0.0000000 0.0024710
7.2536268 0.0000000 0.0024543
7.3036518 0.0000000 0.0024378
7.3536768 0.0000000 0.0024216
7.4037019 0.0000000 0.0024054
7.4537269 0.0000000 0.0023896
7.5037519 0.0000000 0.0023740
7.5537769 0.0000000 0.0023585
7.6038019 0.0000000 0.0023432
7.6538269 0.0000000 0.0023282
7.7038519 0.0000000 0.0023133
7.7538769 0.0000000 0.0022986
7.8039020 0.0000000 0.0022841
7.8539270 0.0000000 0.0022698
7.9039520 0.0000000 0.0022556
7.9539770 0.0000000 0.0022417
8.0040020 0.0000000 0.0022279
8.0540270 0.0000000 0.0022143
8.1040520 0.0000000 0.0022008
8.1540770 0.0000000 0.0021875
8.2041021 0.0000000 0.0021743
8.2541271 0.0000000 0.0021613
8.3041521 0.0000000 0.0021485
8.3541771 0.0000000 0.0021358
8.4042021 0.0000000 0.0021233
8.4542271 0.0000000 0.0021109
8.5042521 0.0000000 0.0020986
8.5542771 0.0000000 0.0020865
8.6043022 0.0000000 0.0020746
8.6543272 0.0000000 0.0020627
8.7043522 0.0000000 0.0020510
8.7543772 0.0000000 0.0020395
8.8044022 0.0000000 0.0020280
8.8544272 0.0000000 0.0020167
8.9044522 0.0000000 0.0020055
8.9544772 0.0000000 0.0019944
9.0045023 0.0000000 0.0019835
9.0545273 0.0000000 0.0019726
9.1045523 0.0000000 0.0019619
9.1545773 0.0000000 0.0019513
9.2046023 0.0000000 0.0019408
9.2546273 0.0000000 0.0019305
9.3046523 0.0000000 0.0019202
9.3546773 0.0000000 0.0019101
9.4047024 0.0000000 0.0019000
9.4547274 0.0000000 0.0018901
9.5047524 0.0000000 0.0018802
9.5547774 0.0000000 0.0018705
9.6048024 0.0000000 0.0018609
9.6548274 0.0000000 0.0018513
9.7048524 0.0000000 0.0018419
9.7548774 0.0000000 0.0018325
9.8049025 0.0000000 0.0018233
9.8549275 0.0000000 0.0018141
9.9049525 0.0000000 0.0018050
9.9549775 0.0000000 0.0017960
10.0050025 0.0000000 0.0017872
10.0550275 0.0000000 0.0017783
10.1050525 0.0000000 0.0017697
10.1550775 0.0000000 0.0017610
10.2051026 0.0000000 0.0017524
10.2551276 0.0000000 0.0017439
10.3051526 0.0000000 0.0017356
10.3551776 0.0000000 0.0017273
10.4052026 0.0000000 0.0017190
10.4552276 0.0000000 0.0017109
10.5052526 0.0000000 0.0017028
10.5552776 0.0000000 0.0016948
10.6053027 0.0000000 0.0016869
10.6553277 0.0000000 0.0016790
10.7053527 0.0000000 0.0016712
10.7553777 0.0000000 0.0016635
10.8054027 0.0000000 0.0016559
10.8554277 0.0000000 0.0016483
10.9054527 0.0000000 0.0016408
10.9554777 0.0000000 0.0016334
11.0055028 0.0000000 0.0016261
11.0555278 0.0000000 0.0016188
11.1055528 0.0000000 0.0016115
11.1555778 0.0000000 0.0016043
11.2056028 0.0000000 0.0015972
11.2556278 0.0000000 0.0015902
11.3056528 0.0000000 0.0015832
11.3556778 0.0000000 0.0015763
11.4057029 0.0000000 0.0015694
11.4557279 0.0000000 0.0015626
11.5057529 0.0000000 0.0015559
11.5557779 0.0000000 0.0015492
11.6058029 0.0000000 0.0015426
11.6558279 0.0000000 0.0015360
11.7058529 0.0000000 0.0015295
11.7558779 0.0000000 0.0015230
11.8059030 0.0000000 0.0015166
11.8559280 0.0000000 0.0015102
11.9059530 0.0000000 0.0015039
11.9559780 0.0000000 0.0014977
12.0060030 0.0000000 0.0014915
12.0560280 0.0000000 0.0014853
12.1060530 0.0000000 0.0014793
12.1560780 0.0000000 0.0014732
12.2061031 0.0000000 0.0014672
12.2561281 0.0000000 0.0014613
12.3061531 0.0000000 0.0014553
12.3561781 0.0000000 0.0014495
12.4062031 0.0000000 0.0014437
12.4562281 0.0000000 0.0014379
12.5062531 0.0000000 0.0014322
12.5562781 0.0000000 0.0014265
12.6063032 0.0000000 0.0014209
12.6563282 0.0000000 0.0014153
12.7063532 0.0000000 0.0014098
12.7563782 0.0000000 0.0014043
12.8064032 0.0000000 0.0013988
12.8564282 0.0000000 0.0013934
12.9064532 0.0000000 0.0013881
12.9564782 0.0000000 0.0013827
13.0065033 0.0000000 0.0013774
13.0565283 0.0000000 0.0013722
13.1065533 0.0000000 0.0013670
13.1565783 0.0000000 0.0013618
13.2066033 0.0000000 0.0013567
13.2566283 0.0000000 0.0013516
13.3066533 0.0000000 0.0013465
13.3566783 0.0000000 0.0013416
13.4067034 0.0000000 0.0013366
13.4567284 0.0000000 0.0013316
13.5067534 0.0000000 0.0013267
13.5567784 0.0000000 0.0013218
13.6068034 0.0000000 0.0013170
13.6568284 0.0000000 0.0013122
13.7068534 0.0000000 0.0013074
13.7568784 0.0000000 0.0013027
13.8069035 0.0000000 0.0012980
13.8569285 0.0000000 0.0012934
13.9069535 0.0000000 0.0012887
13.9569785 0.0000000 0.0012841
14.0070035 0.0000000 0.0012795
14.0570285 0.0000000 0.0012750
14.1070535 0.0000000 0.0012705
14.1570785 0.0000000 0.0012661
14.2071036 0.0000000 0.0012616
14.2571286 0.0000000 0.0012572
14.3071536 0.0000000 0.0012528
14.3571786 0.0000000 0.0012485
14.4072036 0.0000000 0.0012442
14.4572286 0.0000000 0.0012399
14.5072536 0.0000000 0.0012356
14.5572786 0.0000000 0.0012314
14.6073037 0.0000000 0.0012272
14.6573287 0.0000000 0.0012230
14.7073537 0.0000000 0.0012189
14.7573787 0.0000000 0.0012148
14.8074037 0.0000000 0.0012107
14.8574287 0.0000000 0.0012067
14.9074537 0.0000000 0.0012026
14.9574787 0.0000000 0.0011986
15.0075038 0.0000000 0.0011946
15.0575288 0.0000000 0.0011907
15.1075538 0.0000000 0.0011867
15.1575788 0.0000000 0.0011828
15.2076038 0.0000000 0.0011790
15.2576288 0.0000000 0.0011751
15.3076538 0.0000000 0.0011713
15.3576788 0.0000000 0.0011675
15.4077039 0.0000000 0.0011637
15.4577289 0.0000000 0.0011600
15.5077539 0.0000000 0.0011563
15.5577789 0.0000000 0.0011525
15.6078039 0.0000000 0.0011489
15.6578289 0.0000000 0.0011452
15.7078539 0.0000000 0.0011416
15.7578789 0.0000000 0.0011380
15.8079040 0.0000000 0.0011344
15.8579290 0.0000000 0.0011308
15.9079540 0.0000000 0.0011272
15.9579790 0.0000000 0.0011238
16.0080040 0.0000000 0.0011203
16.0580290 0.0000000 0.0011168
16.1080540 0.0000000 0.0011133
16.1580790 0.0000000 0.0011099
16.2081041 0.0000000 0.0011065
16.2581291 0.0000000 0.0011031
16.3081541 0.0000000 0.0010997
16.3581791 0.0000000 0.0010963
16.4082041 0.0000000 0.0010930
16.4582291 0.0000000 0.0010898
16.5082541 0.0000000 0.0010864
16.5582791 0.0000000 0.0010832
16.6083042 0.0000000 0.0010799
16.6583292 0.0000000 0.0010767
16.7083542 0.0000000 0.0010735
16.7583792 0.0000000 0.0010703
16.8084042 0.0000000 0.0010671
16.8584292 0.0000000 0.0010639
16.9084542 0.0000000 0.0010608
16.9584792 0.0000000 0.0010576
17.0085043 0.0000000 0.0010546
17.0585293 0.0000000 0.0010515
17.1085543 0.0000000 0.0010484
17.1585793 0.0000000 0.0010453
17.2086043 0.0000000 0.0010424
17.2586293 0.0000000 0.0010394
17.3086543 0.0000000 0.0010364
17.3586793 0.0000000 0.0010334
17.4087044 0.0000000 0.0010304
17.4587294 0.0000000 0.0010274
17.5087544 0.0000000 0.0010245
17.5587794 0.0000000 0.0010216
17.6088044 0.0000000 0.0010187
17.6588294 0.0000000 0.0010158
17.7088544 0.0000000 0.0010130
17.7588794 0.0000000 0.0010102
17.8089045 0.0000000 0.0010074
17.8589295 0.0000000 0.0010045
17.9089545 0.0000000 0.0010018
17.9589795 0.0000000 0.0009990
18.0090045 0.0000000 0.0009962
18.0590295 0.0000000 0.0009934
18.1090545 0.0000000 0.0009907
18.1590795 0.0000000 0.0009879
18.2091046 0.0000000 0.0009853
18.2591296 0.0000000 0.0009826
18.3091546 0.0000000 0.0009799
18.3591796 0.0000000 0.0009772
18.4092046 0.0000000 0.0009746
18.4592296 0.0000000 0.0009719
18.5092546 0.0000000 0.0009693
18.5592796 0.0000000 0.0009667
18.6093047 0.0000000 0.0009641
18.6593297 0.0000000 0.0009615
18.7093547 0.0000000 0.0009590
18.7593797 0.0000000 0.0009564
18.8094047 0.0000000 0.0009539
18.8594297 0.0000000 0.0009513
18.9094547 0.0000000 0.0009488
18.9594797 0.0000000 0.0009464
19.0095048 0.0000000 0.0009439
19.0595298 0.0000000 0.0009413
19.1095548 0.0000000 0.0009390
19.1595798 0.0000000 0.0009365
19.2096048 0.0000000 0.0009341
19.2596298 0.0000000 0.0009317
19.3096548 0.0000000 0.0009292
19.3596798 0.0000000 0.0009269
19.4097049 0.0000000 0.0009245
19.4597299 0.0000000 0.0009221
19.5097549 0.0000000 0.0009198
19.5597799 0.0000000 0.0009174
19.6098049 0.0000000 0.0009151
19.6598299 0.0000000 0.0009128
19.7098549 0.0000000 0.0009105
19.7598799 0.0000000 0.0009082
19.8099050 0.0000000 0.0009058
19.8599300 0.0000000 0.0009036
19.9099550 0.0000000 0.0009013
19.9599800 0.0000000 0.0008991
20.0100050 0.0000000 0.0008968
20.0600300 0.0000000 0.0008946
20.1100550 0.0000000 0.0008923
20.1600800 0.0000000 0.0008901
20.2101051 0.0000000 0.0008879
20.2601301 0.0000000 0.0008858
20.3101551 0.0000000 0.0008836
20.3601801 0.0000000 0.0008814
20.4102051 0.0000000 0.0008793
20.4602301 0.0000000 0.0008771
20.5102551 0.0000000 0.0008750
20.5602801 0.0000000 0.0008729
20.6103052 0.0000000 0.0008707
20.6603302 0.0000000 0.0008686
20.7103552 0.0000000 0.0008666
20.7603802 0.0000000 0.0008644
20.8104052 0.0000000 0.0008624
20.8604302 0.0000000 0.0008603
20.9104552 0.0000000 0.0008583
20.9604802 0.0000000 0.0008562
21.0105053 0.0000000 0.0008541
21.0605303 0.0000000 0.0008521
21.1105553 0.0000000 0.0008502
21.1605803 0.0000000 0.0008482
21.2106053 0.0000000 0.0008463
21.2606303 0.0000000 0.0008441
21.3106553 0.0000000 0.0008422
21.3606803 0.0000000 0.0008402
21.4107054 0.0000000 0.0008383
21.4607304 0.0000000 0.0008363
21.5107554 0.0000000 0.0008344
21.5607804 0.0000000 0.0008325
21.6108054 0.0000000 0.0008305
21.6608304 0.0000000 0.0008287
21.7108554 0.0000000 0.0008267
21.7608804 0.0000000 0.0008248
21.8109055 0.0000000 0.0008228
21.8609305 0.0000000 0.0008210
21.9109555 0.0000000 0.0008192
21.9609805 0.0000000 0.0008173
22.0110055 0.0000000 0.0008155
22.0610305 0.0000000 0.0008136
22.1110555 0.0000000 0.0008118
22.1610805 0.0000000 0.0008099
22.2111056 0.0000000 0.0008081
22.2611306 0.0000000 0.0008063
22.3111556 0.0000000 0.0008045
22.3611806 0.0000000 0.0008027
22.4112056 0.0000000 0.0008010
22.4612306 0.0000000 0.0007992
22.5112556 0.0000000 0.0007974
22.5612806 0.0000000 0.0007956
22.6113057 0.0000000 0.0007938
22.6613307 0.0000000 0.0007921
22.7113557 0.0000000 0.0007903
22.7613807 0.0000000 0.0007886
22.8114057 0.0000000 0.0007869
22.8614307 0.0000000 0.0007852
22.9114557 0.0000000 0.0007835
22.9614807 0.0000000 0.0007818
23.0115058 0.0000000 0.0007801
23.0615308 0.0000000 0.0007784
23.1115558 0.0000000 0.0007767
23.1615808 0.0000000 0.0007750
23.2116058 0.0000000 0.0007734
23.2616308 0.0000000 0.0007718
23.3116558 0.0000000 0.0007700
23.3616808 0.0000000 0.0007684
23.4117059 0.0000000 0.0007667
23.4617309 0.0000000 0.0007652
23.5117559 0.0000000 0.0007635
23.5617809 0.0000000 0.0007618
23.6118059 0.0000000 0.0007603
23.6618309 0.0000000 0.0007586
23.7118559 0.0000000 0.0007571
23.7618809 0.0000000 0.0007555
23.8119060 0.0000000 0.0007539
23.8619310 0.0000000 0.0007523
23.9119560 0.0000000 0.0007507
23.9619810 0.0000000 0.0007492
24.0120060 0.0000000 0.0007476
24.0620310 0.0000000 0.0007461
24.1120560 0.0000000 0.0007446
24.1620810 0.0000000 0.0007430
24.2121061 0.0000000 0.0007414
24.2621311 0.0000000 0.0007399
24.3121561 0.0000000 0.0007383
24.3621811 0.0000000 0.0007369
24.4122061 0.0000000 0.0007354
24.4622311 0.0000000 0.0007339
24.5122561 0.0000000 0.0007324
24.5622811 0.0000000 0.0007309
24.6123062 0.0000000 0.0007294
24.6623312 0.0000000 0.0007279
24.7123562 0.0000000 0.0007265
24.7623812 0.0000000 0.0007250
24.8124062 0.0000000 0.0007235
24.8624312 0.0000000 0.0007221
24.9124562 0.0000000 0.0007206
24.9624812 0.0000000 0.0007192
25.0125063 0.0000000 0.0007178
25.0625313 0.0000000 0.0007163
25.1125563 0.0000000 0.0007149
25.1625813 0.0000000 0.0007135
25.2126063 0.0000000 0.0007120
25.2626313 0.0000000 0.0007107
25.3126563 0.0000000 0.0007092
25.3626813 0.0000000 0.0007079
25.4127064 0.0000000 0.0007065
25.4627314 0.0000000 0.0007051
25.5127564 0.0000000 0.0007037
25.5627814 0.0000000 0.0007023
25.6128064 0.0000000 0.0007009
25.6628314 0.0000000 0.0006997
25.7128564 0.0000000 0.0006983
25.7628814 0.0000000 0.0006969
25.8129065 0.0000000 0.0006955
25.8629315 0.0000000 0.0006942
25.9129565 0.0000000 0.0006929
25.9629815 0.0000000 0.0006915
26.0130065 0.0000000 0.0006903
26.0630315 0.0000000 0.0006889
26.1130565 0.0000000 0.0006875
26.1630815 0.0000000 0.0006862
26.2131066 0.0000000 0.0006850
26.2631316 0.0000000 0.0006836
26.3131566 0.0000000 0.0006824
26.3631816 0.0000000 0.0006810
26.4132066 0.0000000 0.0006798
26.4632316 0.0000000 0.0006784
26.5132566 0.0000000 0.0006772
26.5632816 0.0000000 0.0006759
26.6133067 0.0000000 0.0006746
26.6633317 0.0000000 0.0006733
26.7133567 0.0000000 0.0006722
26.7633817 0.0000000 0.0006709
26.8134067 0.0000000 0.0006696
26.8634317 0.0000000 0.0006683
26.9134567 0.0000000 0.0006672
26.9634817 0.0000000 0.0006659
27.0135068 0.0000000 0.0006647
27.0635318 0.0000000 0.0006635
27.1135568 0.0000000 0.0006623
27.1635818 0.0000000 0.0006610
27.2136068 0.0000000 0.0006599
27.2636318 0.0000000 0.0006585
27.3136568 0.0000000 0.0006573
27.3636818 0.0000000 0.0006561
27.4137069 0.0000000 0.0006550
27.4637319 0.0000000 0.0006537
27.5137569 0.0000000 0.0006525
27.5637819 0.0000000 0.0006514
27.6138069 0.0000000 0.0006502
27.6638319 0.0000000 0.0006490
27.7138569 0.0000000 0.0006478
27.7638819 0.0000000 0.0006467
27.8139070 0.0000000 0.0006455
27.8639320 0.0000000 0.0006444
27.9139570 0.0000000 0.0006432
27.9639820 0.0000000 0.0006420
28.0140070 0.0000000 0.0006409
28.0640320 0.0000000 0.0006399
28.1140570 0.0000000 0.0006386
28.1640820 0.0000000 0.0006376
28.2141071 0.0000000 0.0006364
28.2641321 0.0000000 0.0006354
28.3141571 0.0000000 0.0006342
28.3641821 0.0000000 0.0006331
28.4142071 0.0000000 0.0006320
28.4642321 0.0000000 0.0006309
28.5142571 0.0000000 0.0006298
28.5642821 0.0000000 0.0006286
28.6143072 0.0000000 0.0006275
28.6643322 0.0000000 0.0006264
28.7143572 0.0000000 0.0006254
28.7643822 0.0000000 0.0006243
28.8144072 0.0000000 0.0006232
28.8644322 0.0000000 0.0006222
28.9144572 0.0000000 0.0006210
28.9644822 0.0000000 0.0006199
29.0145073 0.0000000 0.0006189
29.0645323 0.0000000 0.0006178
29.1145573 0.0000000 0.0006168
29.1645823 0.0000000 0.0006156
29.2146073 0.0000000 0.0006146
29.2646323 0.0000000 0.0006137
29.3146573 0.0000000 0.0006125
29.3646823 0.0000000 0.0006115
29.4147074 0.0000000 0.0006105
29.4647324 0.0000000 0.0006095
29.5147574 0.0000000 0.0006084
29.5647824 0.0000000 0.0006073
29.6148074 0.0000000 0.0006063
29.6648324 0.0000000 0.0006054
29.7148574 0.0000000 0.0006043
29.7648824 0.0000000 0.0006033
29.8149075 0.0000000 0.0006022
29.8649325 0.0000000 0.0006012
29.9149575 0.0000000 0.0006003
29.9649825 0.0000000 0.0005993
30.0150075 0.0000000 0.0005983
30.0650325 0.0000000 0.0005973
30.1150575 0.0000000 0.0005963
30.1650825 0.0000000 0.0005952
30.2151076 0.0000000 0.0005943
30.2651326 0.0000000 0.0005933
30.3151576 0.0000000 0.0005924
30.3651826 0.0000000 0.0005913
30.4152076 0.0000000 0.0005903
30.4652326 0.0000000 0.0005895
30.5152576 0.0000000 0.0005884
30.5652826 0.0000000 0.0005874
30.6153077 0.0000000 0.0005866
30.6653327 0.0000000 0.0005856
30.7153577 0.0000000 0.0005847
30.7653827 0.0000000 0.0005836
30.8154077 0.0000000 0.0005828
30.8654327 0.0000000 0.0005818
30.9154577 0.0000000 0.0005809
30.9654827 0.0000000 0.0005799
31.0155078 0.0000000 0.0005790
31.0655328 0.0000000 0.0005781
31.1155578 0.0000000 0.0005771
31.1655828 0.0000000 0.0005762
31.2156078 0.0000000 0.0005753
31.2656328 0.0000000 0.0005744
31.3156578 0.0000000 0.0005735
31.3656828 0.0000000 0.0005726
31.4157079 0.0000000 0.0005717
31.4657329 0.0000000 0.0005706
31.5157579 0.0000000 0.0005699
31.5657829 0.0000000 0.0005690
31.6158079 0.0000000 0.0005680
31.6658329 0.0000000 0.0005671
31.7158579 0.0000000 0.0005662
31.7658829 0.0000000 0.0005653
31.8159080 0.0000000 0.0005645
31.8659330 0.0000000 0.0005636
31.9159580 0.0000000 0.0005627
31.9659830 0.0000000 0.0005618
32.0160080 0.0000000 0.0005609
32.0660330 0.0000000 0.0005600
32.1160580 0.0000000 0.0005591
32.1660830 0.0000000 0.0005582
32.2161081 0.0000000 0.0005575
32.2661331 0.0000000 0.0005566
32.3161581 0.0000000 0.0005557
32.3661831 0.0000000 0.0005549
32.4162081 0.0000000 0.0005540
32.4662331 0.0000000 0.0005532
32.5162581 0.0000000 0.0005522
32.5662831 0.0000000 0.0005514
32.6163082 0.0000000 0.0005506
32.6663332 0.0000000 0.0005498
32.7163582 0.0000000 0.0005490
32.7663832 0.0000000 0.0005481
32.8164082 0.0000000 0.0005472
32.8664332 0.0000000 0.0005463
32.9164582 0.0000000 0.0005455
32.9664832 0.0000000 0.0005447
33.0165083 0.0000000 0.0005439
33.0665333 0.0000000 0.0005431
33.1165583 0.0000000 0.0005423
33.1665833 0.0000000 0.0005414
33.2166083 0.0000000 0.0005406
33.2666333 0.0000000 0.0005399
33.3166583 0.0000000 0.0005391
33.3666833 0.0000000 0.0005383
33.4167084 0.0000000 0.0005374
33.4667334 0.0000000 0.0005366
33.5167584 0.0000000 0.0005359
33.5667834 0.0000000 0.0005350
33.6168084 0.0000000 0.0005342
33.6668334 0.0000000 0.0005334
33.7168584 0.0000000 0.0005327
33.7668834 0.0000000 0.0005319
33.8169085 0.0000000 0.0005310
33.8669335 0.0000000 0.0005303
33.9169585 0.0000000 0.0005296
33.9669835 0.0000000 0.0005287
34.0170085 0.0000000 0.0005278
34.0670335 0.0000000 0.0005273
34.1170585 0.0000000 0.0005264
34.1670835 0.0000000 0.0005257
34.2171086 0.0000000 0.0005249
34.2671336 0.0000000 0.0005241
34.3171586 0.0000000 0.0005233
34.3671836 0.0000000 0.0005225
34.4172086 0.0000000 0.0005218
34.4672336 0.0000000 0.0005209
34.5172586 0.0000000 0.0005203
34.5672836 0.0000000 0.0005196
34.6173087 0.0000000 0.0005188
34.6673337 0.0000000 0.0005179
34.7173587 0.0000000 0.0005173
34.7673837 0.0000000 0.0005165
34.8174087 0.0000000 0.0005159
34.8674337 0.0000000 0.0005152
34.9174587 0.0000000 0.0005144
34.9674837 0.0000000 0.0005136
35.0175088 0.0000000 0.0005129
35.0675338 0.0000000 0.0005122
35.1175588 0.0000000 0.0005114
35.1675838 0.0000000 0.0005107
35.2176088 0.0000000 0.0005100
35.2676338 0.0000000 0.0005092
35.3176588 0.0000000 0.0005086
35.3676838 0.0000000 0.0005078
35.4177089 0.0000000 0.0005070
35.4677339 0.0000000 0.0005064
35.5177589 0.0000000 0.0005056
35.5677839 0.0000000 0.0005049
35.6178089 0.0000000 0.0005042
35.6678339 0.0000000 0.0005035
35.7178589 0.0000000 0.0005028
35.7678839 0.0000000 0.0005022
35.8179090 0.0000000 0.0005014
35.8679340 0.0000000 0.0005008
35.9179590 0.0000000 0.0005000
35.9679840 0.0000000 0.0004994
36.0180090 0.0000000 0.0004986
36.0680340 0.0000000 0.0004979
36.1180590 0.0000000 0.0004974
36.1680840 0.0000000 0.0004966
36.2181091 0.0000000 0.0004959
36.2681341 0.0000000 0.0004951
36.3181591 0.0000000 0.0004945
36.3681841 0.0000000 0.0004938
36.4182091 0.0000000 0.0004933
36.4682341 0.0000000 0.0004925
36.5182591 0.0000000 0.0004918
36.5682841 0.0000000 0.0004912
36.6183092 0.0000000 0.0004905
36.6683342 0.0000000 0.0004897
36.7183592 0.0000000 0.0004891
36.7683842 0.0000000 0.0004886
36.8184092 0.0000000 0.0004879
36.8684342 0.0000000 0.0004871
36.9184592 0.0000000 0.0004865
36.9684842 0.0000000 0.0004859
37.0185093 0.0000000 0.0004852
37.0685343 0.0000000 0.0004845
37.1185593 0.0000000 0.0004840
37.1685843 0.0000000 0.0004832
37.2186093 0.0000000 0.0004825
37.2686343 0.0000000 0.0004819
37.3186593 0.0000000 0.0004813
37.3686843 0.0000000 0.0004806
37.4187094 0.0000000 0.0004799
37.4687344 0.0000000 0.0004794
37.5187594 0.0000000 0.0004787
37.5687844 0.0000000 0.0004780
37.6188094 0.0000000 0.0004775
37.6688344 0.0000000 0.0004769
37.7188594 0.0000000 0.0004762
37.7688844 0.0000000 0.0004754
37.8189095 0.0000000 0.0004749
37.8689345 0.0000000 0.0004742
37.9189595 0.0000000 0.0004737
37.9689845 0.0000000 0.0004730
38.0190095 0.0000000 0.0004724
38.0690345 0.0000000 0.0004718
38.1190595 0.0000000 0.0004713
38.1690845 0.0000000 0.0004706
38.2191096 0.0000000 0.0004699
38.2691346 0.0000000 0.0004695
38.3191596 0.0000000 0.0004687
38.3691846 0.0000000 0.0004681
38.4192096 0.0000000 0.0004675
38.4692346 0.0000000 0.0004669
38.5192596 0.0000000 0.0004663
38.5692846 0.0000000 0.0004656
38.6193097 0.0000000 0.0004651
38.6693347 0.0000000 0.0004645
38.7193597 0.0000000 0.0004637
38.7693847 0.0000000 0.0004633
38.8194097 0.0000000 0.0004626
38.8694347 0.0000000 0.0004621
38.9194597 0.0000000 0.0004615
38.9694847 0.0000000 0.0004609
39.0195098 0.0000000 0.0004603
39.0695348 0.0000000 0.0004597
39.1195598 0.0000000 0.0004592
39.1695848 0.0000000 0.0004586
39.2196098 0.0000000 0.0004581
39.2696348 0.0000000 0.0004574
39.3196598 0.0000000 0.0004569
39.3696848 0.0000000 0.0004563
39.4197099 0.0000000 0.0004557
39.4697349 0.0000000 0.0004551
39.5197599 0.0000000 0.0004544
39.5697849 0.0000000 0.0004540
39.6198099 0.0000000 0.0004532
39.6698349 0.0000000 0.0004526
39.7198599 0.0000000 0.0004522
39.7698849 0.0000000 0.0004517
39.8199100 0.0000000 0.0004510
39.8699350 0.0000000 0.0004505
39.9199600 0.0000000 0.0004499
39.9699850 0.0000000 0.0004494
40.0200100 0.0000000 0.0004487
40.0700350 0.0000000 0.0004481
40.1200600 0.0000000 0.0004476
40.1700850 0.0000000 0.0004473
40.2201101 0.0000000 0.0004465
40.2701351 0.0000000 0.0004460
40.3201601 0.0000000 0.0004454
40.3701851 0.0000000 0.0004450
40.4202101 0.0000000 0.0004442
40.4702351 0.0000000 0.0004439
40.5202601 0.0000000 0.0004433
40.5702851 0.0000000 0.0004427
40.6203102 0.0000000 0.0004421
40.6703352 0.0000000 0.0004415
40.7203602 0.0000000 0.0004410
40.7703852 0.0000000 0.0004406
40.8204102 0.0000000 0.0004400
40.8704352 0.0000000 0.0004394
40.9204602 0.0000000 0.0004390
40.9704852 0.0000000 0.0004383
41.0205103 0.0000000 0.0004379
41.0705353 0.0000000 0.0004373
41.1205603 0.0000000 0.0004367
41.1705853 0.0000000 0.0004363
41.2206103 0.0000000 0.0004357
41.2706353 0.0000000 0.0004352
41.3206603 0.0000000 0.0004346
41.3706853 0.0000000 0.0004342
41.4207104 0.0000000 0.0004336
41.4707354 0.0000000 0.0004331
41.5207604 0.0000000 0.0004327
41.5707854 0.0000000 0.0004321
41.6208104 0.0000000 0.0004315
41.6708354 0.0000000 0.0004310
41.7208604 0.0000000 0.0004305
41.7708854 0.0000000 0.0004300
41.8209105 0.0000000 0.0004295
41.8709355 0.0000000 0.0004289
41.9209605 0.0000000 0.0004284
41.9709855 0.0000000 0.0004280
42.0210105 0.0000000 0.0004273
42.0710355 0.0000000 0.0004269
42.1210605 0.0000000 0.0004264
42.1710855 0.0000000 0.0004260
42.2211106 0.0000000 0.0004254
42.2711356 0.0000000 0.0004249
42.3211606 0.0000000 0.0004244
42.3711856 0.0000000 0.0004239
42.4212106 0.0000000 0.0004233
42.4712356 0.0000000 0.0004231
42.5212606 0.0000000 0.0004224
42.5712856 0.0000000 0.0004220
42.6213107 0.0000000 0.0004214
42.6713357 0.0000000 0.0004209
42.7213607 0.0000000 0.0004204
42.7713857 0.0000000 0.0004200
42.8214107 0.0000000 0.0004194
42.8714357 0.0000000 0.0004189
42.9214607 0.0000000 0.0004186
42.9714857 0.0000000 0.0004180
43.0215108 0.0000000 0.0004176
43.0715358 0.0000000 0.0004170
43.1215608 0.0000000 0.0004166
43.1715858 0.0000000 0.0004160
43.2216108 0.0000000 0.0004156
43.2716358 0.0000000 0.0004151
43.3216608 0.0000000 0.0004147
43.3716858 0.0000000 0.0004141
43.4217109 0.0000000 0.0004137
43.4717359 0.0000000 0.0004131
43.5217609 0.0000000 0.0004127
43.5717859 0.0000000 0.0004122
43.6218109 0.0000000 0.0004117
43.6718359 0.0000000 0.0004113
43.7218609 0.0000000 0.0004109
43.7718859 0.0000000 0.0004104
43.8219110 0.0000000 0.0004101
43.8719360 0.0000000 0.0004095
43.9219610 0.0000000 0.0004089
43.9719860 0.0000000 0.0004086
44.0220110 0.0000000 0.0004080
44.0720360 0.0000000 0.0004076
44.1220610 0.0000000 0.0004071
44.1720860 0.0000000 0.0004067
44.2221111 0.0000000 0.0004062
44.2721361 0.0000000 0.0004058
44.3221611 0.0000000 0.0004053
44.3721861 0.0000000 0.0004049
44.4222111 0.0000000 0.0004043
44.4722361 0.0000000 0.0004038
44.5222611 0.0000000 0.0004036
44.5722861 0.0000000 0.0004030
44.6223112 0.0000000 0.0004024
44.6723362 0.0000000 0.0004021
44.7223612 0.0000000 0.0004017
44.7723862 0.0000000 0.0004012
44.8224112 0.0000000 0.0004007
44.8724362 0.0000000 0.0004003
44.9224612 0.0000000 0.0003998
44.9724862 0.0000000 0.0003994
45.0225113 0.0000000 0.0003991
45.0725363 0.0000000 0.0003985
45.1225613 0.0000000 0.0003980
45.1725863 0.0000000 0.0003976
45.2226113 0.0000000 0.0003973
45.2726363 0.0000000 0.0003968
45.3226613 0.0000000 0.0003964
45.3726863 0.0000000 0.0003960
45.4227114 0.0000000 0.0003956
45.4727364 0.0000000 0.0003949
45.5227614 0.0000000 0.0003945
45.5727864 0.0000000 0.0003941
45.6228114 0.0000000 0.0003937
45.6728364 0.0000000 0.0003932
45.7228614 0.0000000 0.0003930
45.7728864 0.0000000 0.0003925
45.8229115 0.0000000 0.0003919
45.8729365 0.0000000 0.0003915
45.9229615 0.0000000 0.0003910
45.9729865 0.0000000 0.0003908
46.0230115 0.0000000 0.0003903
46.0730365 0.0000000 0.0003899
46.1230615 0.0000000 0.0003896
46.1730865 0.0000000 0.0003891
46.2231116 0.0000000 0.0003886
46.2731366 0.0000000 0.0003882
46.3231616 0.0000000 0.0003878
46.3731866 0.0000000 0.0003875
46.4232116 0.0000000 0.0003870
46.4732366 0.0000000 0.0003865
46.5232616 0.0000000 0.0003860
46.5732866 0.0000000 0.0003857
46.6233117 0.0000000 0.0003853
46.6733367 0.0000000 0.0003849
46.7233617 0.0000000 0.0003845
46.7733867 0.0000000 0.0003841
46.8234117 0.0000000 0.0003836
46.8734367 0.0000000 0.0003833
46.9234617 0.0000000 0.0003829
46.9734867 0.0000000 0.0003823
47.0235118 0.0000000 0.0003819
47.0735368 0.0000000 0.0003815
47.1235618 0.0000000 0.0003810
47.1735868 0.0000000 0.0003808
47.2236118 0.0000000 0.0003803
47.2736368 0.0000000 0.0003800
47.3236618 0.0000000 0.0003796
47.3736868 0.0000000 0.0003792
47.4237119 0.0000000 0.0003788
47.4737369 0.0000000 0.0003782
47.5237619 0.0000000 0.0003779
47.5737869 0.0000000 0.0003777
47.6238119 0.0000000 0.0003772
47.6738369 0.0000000 0.0003768
47.7238619 0.0000000 0.0003764
47.7738869 0.0000000 0.0003760
47.8239120 0.0000000 0.0003755
47.8739370 0.0000000 0.0003753
47.9239620 0.0000000 0.0003748
47.9739870 0.0000000 0.0003745
48.0240120 0.0000000 0.0003741
48.0740370 0.0000000 0.0003735
48.1240620 0.0000000 0.0003733
48.1740870 0.0000000 0.0003729
48.2241121 0.0000000 0.0003726
48.2741371 0.0000000 0.0003722
48.3241621 0.0000000 0.0003717
48.3741871 0.0000000 0.0003713
48.4242121 0.0000000 0.0003710
48.4742371 0.0000000 0.0003706
48.5242621 0.0000000 0.0003703
48.5742871 0.0000000 0.0003697
48.6243122 0.0000000 0.0003694
48.6743372 0.0000000 0.0003692
48.7243622 0.0000000 0.0003687
48.7743872 0.0000000 0.0003681
48.8244122 0.0000000 0.0003679
48.8744372 0.0000000 0.0003675
48.9244622 0.0000000 0.0003671
48.9744872 0.0000000 0.0003667
49.0245123 0.0000000 0.0003663
49.0745373 0.0000000 0.0003661
49.1245623 0.0000000 0.0003655
49.1745873 0.0000000 0.0003652
49.2246123 0.0000000 0.0003648
49.2746373 0.0000000 0.0003645
49.3246623 0.0000000 0.0003642
49.3746873 0.0000000 0.0003638
49.4247124 0.0000000 0.0003634
49.4747374 0.0000000 0.0003632
49.5247624 0.0000000 0.0003627
49.5747874 0.0000000 0.0003623
49.6248124 0.0000000 0.0003621
49.6748374 0.0000000 0.0003617
49.7248624 0.0000000 0.0003613
49.7748874 0.0000000 0.0003608
49.8249125 0.0000000 0.0003604
49.8749375 0.0000000 0.0003600
49.9249625 0.0000000 0.0003598
49.9749875 0.0000000 0.0003595
50.0250125 0.0000000 0.0003591
50.0750375 0.0000000 0.0003586
50.1250625 0.0000000 0.0003582
50.1750875 0.0000000 0.0003581
50.2251126 0.0000000 0.0003576
50.2751376 0.0000000 0.0003573
50.3251626 0.0000000 0.0003569
50.3751876 0.0000000 0.0003565
50.4252126 0.0000000 0.0003563
50.4752376 0.0000000 0.0003558
50.5252626 0.0000000 0.0003555
50.5752876 0.0000000 0.0003551
50.6253127 0.0000000 0.0003547
50.6753377 0.0000000 0.0003544
50.7253627 0.0000000 0.0003540
50.7753877 0.0000000 0.0003537
50.8254127 0.0000000 0.0003535
50.8754377 0.0000000 0.0003532
50.9254627 0.0000000 0.0003527
50.9754877 0.0000000 0.0003522
51.0255128 0.0000000 0.0003522
51.0755378 0.0000000 0.0003518
51.1255628 0.0000000 0.0003514
51.1755878 0.0000000 0.0003511
51.2256128 0.0000000 0.0003506
51.2756378 0.0000000 0.0003501
51.3256628 0.0000000 0.0003500
51.3756878 0.0000000 0.0003496
51.4257129 0.0000000 0.0003493
51.4757379 0.0000000 0.0003488
51.5257629 0.0000000 0.0003486
51.5757879 0.0000000 0.0003483
51.6258129 0.0000000 0.0003479
51.6758379 0.0000000 0.0003476
51.7258629 0.0000000 0.0003473
51.7758879 0.0000000 0.0003468
51.8259130 0.0000000 0.0003467
51.8759380 0.0000000 0.0003463
51.9259630 0.0000000 0.0003460
51.9759880 0.0000000 0.0003456
52.0260130 0.0000000 0.0003452
52.0760380 0.0000000 0.0003448
52.1260630 0.0000000 0.0003446
52.1760880 0.0000000 0.0003444
52.2261131 0.0000000 0.0003440
52.2761381 0.0000000 0.0003437
52.3261631 0.0000000 0.0003432
52.3761881 0.0000000 0.0003429
52.4262131 0.0000000 0.0003427
52.4762381 0.0000000 0.0003423
52.5262631 0.0000000 0.0003419
52.5762881 0.0000000 0.0003417
52.6263132 0.0000000 0.0003414
52.6763382 0.0000000 0.0003411
52.7263632 0.0000000 0.0003409
52.7763882 0.0000000 0.0003405
52.8264132 0.0000000 0.0003400
52.8764382 0.0000000 0.0003396
52.9264632 0.0000000 0.0003394
52.9764882 0.0000000 0.0003393
53.0265133 0.0000000 0.0003387
53.0765383 0.0000000 0.0003385
53.1265633 0.0000000 0.0003379
53.1765883 0.0000000 0.0003378
53.2266133 0.0000000 0.0003374
53.2766383 0.0000000 0.0003372
53.3266633 0.0000000 0.0003368
53.3766883 0.0000000 0.0003364
53.4267134 0.0000000 0.0003363
53.4767384 0.0000000 0.0003359
53.5267634 0.0000000 0.0003358
53.5767884 0.0000000 0.0003353
53.6268134 0.0000000 0.0003348
53.6768384 0.0000000 0.0003348
53.7268634 0.0000000 0.0003345
53.7768884 0.0000000 0.0003340
53.8269135 0.0000000 0.0003337
53.8769385 0.0000000 0.0003336
53.9269635 0.0000000 0.0003330
53.9769885 0.0000000 0.0003328
54.0270135 0.0000000 0.0003326
54.0770385 0.0000000 0.0003322
54.1270635 0.0000000 0.0003319
54.1770885 0.0000000 0.0003314
54.2271136 0.0000000 0.0003313
54.2771386 0.0000000 0.0003311
54.3271636 0.0000000 0.0003308
54.3771886 0.0000000 0.0003303
54.4272136 0.0000000 0.0003299
54.4772386 0.0000000 0.0003296
54.5272636 0.0000000 0.0003294
54.5772886 0.0000000 0.0003292
54.6273137 0.0000000 0.0003288
54.6773387 0.0000000 0.0003286
54.7273637 0.0000000 0.0003284
54.7773887 0.0000000 0.0003281
54.8274137 0.0000000 0.0003276
54.8774387 0.0000000 0.0003273
54.9274637 0.0000000 0.0003270
54.9774887 0.0000000 0.0003269
55.0275138 0.0000000 0.0003264
55.0775388 0.0000000 0.0003260
55.1275638 0.0000000 0.0003258
55.1775888 0.0000000 0.0003253
55.2276138 0.0000000 0.0003252
55.2776388 0.0000000 0.0003250
55.3276638 0.0000000 0.0003245
55.3776888 0.0000000 0.0003243
55.4277139 0.0000000 0.0003240
55.4777389 0.0000000 0.0003236
55.5277639 0.0000000 0.0003236
55.5777889 0.0000000 0.0003231
55.6278139 0.0000000 0.0003229
55.6778389 0.0000000 0.0003227
55.7278639 0.0000000 0.0003224
55.7778889 0.0000000 0.0003221
55.8279140 0.0000000 0.0003218
55.8779390 0.0000000 0.0003215
55.9279640 0.0000000 0.0003211
55.9779890 0.0000000 0.0003208
56.0280140 0.0000000 0.0003205
56.0780390 0.0000000 0.0003204
56.1280640 0.0000000 0.0003201
56.1780890 0.0000000 0.0003199
56.2281141 0.0000000 0.0003194
56.2781391 0.0000000 0.0003192
56.3281641 0.0000000 0.0003188
56.3781891 0.0000000 0.0003186
56.4282141 0.0000000 0.0003183
56.4782391 0.0000000 0.0003182
56.5282641 0.0000000 0.0003178
56.5782891 0.0000000 0.0003175
56.6283142 0.0000000 0.0003173
56.6783392 0.0000000 0.0003171
56.7283642 0.0000000 0.0003167
56.7783892 0.0000000 0.0003164
56.8284142 0.0000000 0.0003161
56.8784392 0.0000000 0.0003158
56.9284642 0.0000000 0.0003155
56.9784892 0.0000000 0.0003153
57.0285143 0.0000000 0.0003149
57.0785393 0.0000000 0.0003149
57.1285643 0.0000000 0.0003145
57.1785893 0.0000000 0.0003141
57.2286143 0.0000000 0.0003140
57.2786393 0.0000000 0.0003137
57.3286643 0.0000000 0.0003135
57.3786893 0.0000000 0.0003132
57.4287144 0.0000000 0.0003128
57.4787394 0.0000000 0.0003127
57.5287644 0.0000000 0.0003122
57.5787894 0.0000000 0.0003117
57.6288144 0.0000000 0.0003117
57.6788394 0.0000000 0.0003114
57.7288644 0.0000000 0.0003110
57.7788894 0.0000000 0.0003109
57.8289145 0.0000000 0.0003106
57.8789395 0.0000000 0.0003104
57.9289645 0.0000000 0.0003101
57.9789895 0.0000000 0.0003098
58.0290145 0.0000000 0.0003095
58.0790395 0.0000000 0.0003091
58.1290645 0.0000000 0.0003092
58.1790895 0.0000000 0.0003089
58.2291146 0.0000000 0.0003086
58.2791396 0.0000000 0.0003083
58.3291646 0.0000000 0.0003081
58.3791896 0.0000000 0.0003077
58.4292146 0.0000000 0.0003075
58.4792396 0.0000000 0.0003073
58.5292646 0.0000000 0.0003069
58.5792896 0.0000000 0.0003066
58.6293147 0.0000000 0.0003065
58.6793397 0.0000000 0.0003060
58.7293647 0.0000000 0.0003060
58.7793897 0.0000000 0.0003059
58.8294147 0.0000000 0.0003055
58.8794397 0.0000000 0.0003052
58.9294647 0.0000000 0.0003048
58.9794897 0.0000000 0.0003047
59.0295148 0.0000000 0.0003044
59.0795398 0.0000000 0.0003042
59.1295648 0.0000000 0.0003037
59.1795898 0.0000000 0.0003035
59.2296148 0.0000000 0.0003032
59.2796398 0.0000000 0.0003029
59.3296648 0.0000000 0.0003027
59.3796898 0.0000000 0.0003027
59.4297149 0.0000000 0.0003023
59.4797399 0.0000000 0.0003021
59.5297649 0.0000000 0.0003019
59.5797899 0.0000000 0.0003017
59.6298149 0.0000000 0.0003012
59.6798399 0.0000000 0.0003011
59.7298649 0.0000000 0.0003006
59.7798899 0.0000000 0.0003005
59.8299150 0.0000000 0.0003003
59.8799400 0.0000000 0.0003000
59.9299650 0.0000000 0.0002998
59.9799900 0.0000000 0.0002994
60.0300150 0.0000000 0.0002991
60.0800400 0.0000000 0.0002990
60.1300650 0.0000000 0.0002988
60.1800900 0.0000000 0.0002985
60.2301151 0.0000000 0.0002983
60.2801401 0.0000000 0.0002979
60.3301651 0.0000000 0.0002977
60.3801901 0.0000000 0.0002976
60.4302151 0.0000000 0.0002973
60.4802401 0.0000000 0.0002969
60.5302651 0.0000000 0.0002966
60.5802901 0.0000000 0.0002965
60.6303152 0.0000000 0.0002963
60.6803402 0.0000000 0.0002960
60.7303652 0.0000000 0.0002958
60.7803902 0.0000000 0.0002956
60.8304152 0.0000000 0.0002954
60.8804402 0.0000000 0.0002948
60.9304652 0.0000000 0.0002949
60.9804902 0.0000000 0.0002945
61.0305153 0.0000000 0.0002945
61.0805403 0.0000000 0.0002940
61.1305653 0.0000000 0.0002937
61.1805903 0.0000000 0.0002935
61.2306153 0.0000000 0.0002934
61.2806403 0.0000000 0.0002929
61.3306653 0.0000000 0.0002927
61.3806903 0.0000000 0.0002929
61.4307154 0.0000000 0.0002924
61.4807404 0.0000000 0.0002919
61.5307654 0.0000000 0.0002920
61.5807904 0.0000000 0.0002917
61.6308154 0.0000000 0.0002915
61.6808404 0.0000000 0.0002911
61.7308654 0.0000000 0.0002909
61.7808904 0.0000000 0.0002909
61.8309155 0.0000000 0.0002905
61.8809405 0.0000000 0.0002904
61.9309655 0.0000000 0.0002901
61.9809905 0.0000000 0.0002898
62.0310155 0.0000000 0.0002897
62.0810405 0.0000000 0.0002894
62.1310655 0.0000000 0.0002893
62.1810905 0.0000000 0.0002888
62.2311156 0.0000000 0.0002887
62.2811406 0.0000000 0.0002885
62.3311656 0.0000000 0.0002883
62.3811906 0.0000000 0.0002879
62.4312156 0.0000000 0.0002878
62.4812406 0.0000000 0.0002876
62.5312656 0.0000000 0.0002874
62.5812906 0.0000000 0.0002871
62.6313157 0.0000000 0.0002868
62.6813407 0.0000000 0.0002865
62.7313657 0.0000000 0.0002864
62.7813907 0.0000000 0.0002862
62.8314157 0.0000000 0.0002860
62.8814407 0.0000000 0.0002857
62.9314657 0.0000000 0.0002855
62.9814907 0.0000000 0.0002853
63.0315158 0.0000000 0.0002849
63.0815408 0.0000000 0.0002848
63.1315658 0.0000000 0.0002845
63.1815908 0.0000000 0.0002844
63.2316158 0.0000000 0.0002842
63.2816408 0.0000000 0.0002840
63.3316658 0.0000000 0.0002837
63.3816908 0.0000000 0.0002836
63.4317159 0.0000000 0.0002832
63.4817409 0.0000000 0.0002829
63.5317659 0.0000000 0.0002827
63.5817909 0.0000000 0.0002827
63.6318159 0.0000000 0.0002824
63.6818409 0.0000000 0.0002819
63.7318659 0.0000000 0.0002817
63.7818909 0.0000000 0.0002818
63.8319160 0.0000000 0.0002816
63.8819410 0.0000000 0.0002812
63.9319660 0.0000000 0.0002810
63.9819910 0.0000000 0.0002808
64.0320160 0.0000000 0.0002806
64.0820410 0.0000000 0.0002803
64.1320660 0.0000000 0.0002801
64.1820910 0.0000000 0.0002801
64.2321161 0.0000000 0.0002797
64.2821411 0.0000000 0.0002794
64.3321661 0.0000000 0.0002793
64.3821911 0.0000000 0.0002789
64.4322161 0.0000000 0.0002789
64.4822411 0.0000000 0.0002786
64.5322661 0.0000000 0.0002784
64.5822911 0.0000000 0.0002781
64.6323162 0.0000000 0.0002781
64.6823412 0.0000000 0.0002779
64.7323662 0.0000000 0.0002774
64.7823912 0.0000000 0.0002773
64.8324162 0.0000000 0.0002769
64.8824412 0.0000000 0.0002770
64.9324662 0.0000000 0.0002767
64.9824912 0.0000000 0.0002764
65.0325163 0.0000000 0.0002762
65.0825413 0.0000000 0.0002760
65.1325663 0.0000000 0.0002760
65.1825913 0.0000000 0.0002755
65.2326163 0.0000000 0.0002753
65.2826413 0.0000000 0.0002753
65.3326663 0.0000000 0.0002750
65.3826913 0.0000000 0.0002747
65.4327164 0.0000000 0.0002745
65.4827414 0.0000000 0.0002742
65.5327664 0.0000000 0.0002742
65.5827914 0.0000000 0.0002739
65.6328164 0.0000000 0.0002737
65.6828414 0.0000000 0.0002735
65.7328664 0.0000000 0.0002732
65.7828914 0.0000000 0.0002729
65.8329165 0.0000000 0.0002728
65.8829415 0.0000000 0.0002727
65.9329665 0.0000000 0.0002725
65.9829915 0.0000000 0.0002723
66.0330165 0.0000000 0.0002719
66.0830415 0.0000000 0.0002720
66.1330665 0.0000000 0.0002719
66.1830915 0.0000000 0.0002714
66.2331166 0.0000000 0.0002711
66.2831416 0.0000000 0.0002709
66.3331666 0.0000000 0.0002709
66.3831916 0.0000000 0.0002706
66.4332166 0.0000000 0.0002704
66.4832416 0.0000000 0.0002701
66.5332666 0.0000000 0.0002699
66.5832916 0.0000000 0.0002700
66.6333167 0.0000000 0.0002697
66.6833417 0.0000000 0.0002694
66.7333667 0.0000000 0.0002691
66.7833917 0.0000000 0.0002688
66.8334167 0.0000000 0.0002688
66.8834417 0.0000000 0.0002686
66.9334667 0.0000000 0.0002685
66.9834917 0.0000000 0.0002683
67.0335168 0.0000000 0.0002679
67.0835418 0.0000000 0.0002679
67.1335668 0.0000000 0.0002676
67.1835918 0.0000000 0.0002673
67.2336168 0.0000000 0.0002671
67.2836418 0.0000000 0.0002669
67.3336668 0.0000000 0.0002668
67.3836918 0.0000000 0.0002667
67.4337169 0.0000000 0.0002664
67.4837419 0.0000000 0.0002663
67.5337669 0.0000000 0.0002660
67.5837919 0.0000000 0.0002658
67.6338169 0.0000000 0.0002658
67.6838419 0.0000000 0.0002654
67.7338669 0.0000000 0.0002655
67.7838919 0.0000000 0.0002651
67.8339170 0.0000000 0.0002649
67.8839420 0.0000000 0.0002647
67.9339670 0.0000000 0.0002645
67.9839920 0.0000000 0.0002644
68.0340170 0.0000000 0.0002641
68.0840420 0.0000000 0.0002640
68.1340670 0.0000000 0.0002636
68.1840920 0.0000000 0.0002633
68.2341171 0.0000000 0.0002632
68.2841421 0.0000000 0.0002632
68.3341671 0.0000000 0.0002627
68.3841921 0.0000000 0.0002627
68.4342171 0.0000000 0.0002626
68.4842421 0.0000000 0.0002624
68.5342671 0.0000000 0.0002622
68.5842921 0.0000000 0.0002619
68.6343172 0.0000000 0.0002619
68.6843422 0.0000000 0.0002617
68.7343672 0.0000000 0.0002614
68.7843922 0.0000000 0.0002611
68.8344172 0.0000000 0.0002609
68.8844422 0.0000000 0.0002608
68.9344672 0.0000000 0.0002606
68.9844922 0.0000000 0.0002605
69.0345173 0.0000000 0.0002602
69.0845423 0.0000000 0.0002600
69.1345673 0.0000000 0.0002600
69.1845923 0.0000000 0.0002596
69.2346173 0.0000000 0.0002596
69.2846423 0.0000000 0.0002594
69.3346673 0.0000000 0.0002592
69.3846923 0.0000000 0.0002591
69.4347174 0.0000000 0.0002588
69.4847424 0.0000000 0.0002583
69.5347674 0.0000000 0.0002583
69.5847924 0.0000000 0.0002582
69.6348174 0.0000000 0.0002580
69.6848424 0.0000000 0.0002576
69.7348674 0.0000000 0.0002576
69.7848924 0.0000000 0.0002576
69.8349175 0.0000000 0.0002574
69.8849425 0.0000000 0.0002571
69.9349675 0.0000000 0.0002569
69.9849925 0.0000000 0.0002567
70.0350175 0.0000000 0.0002564
70.0850425 0.0000000 0.0002564
70.1350675 0.0000000 0.0002562
70.1850925 0.0000000 0.0002561
70.2351176 0.0000000 0.0002556
70.2851426 0.0000000 0.0002554
70.3351676 0.0000000 0.0002555
70.3851926 0.0000000 0.0002551
70.4352176 0.0000000 0.0002551
70.4852426 0.0000000 0.0002550
70.5352676 0.0000000 0.0002547
70.5852926 0.0000000 0.0002544
70.6353177 0.0000000 0.0002542
70.6853427 0.0000000 0.0002542
70.7353677 0.0000000 0.0002539
70.7853927 0.0000000 0.0002538
70.8354177 0.0000000 0.0002535
70.8854427 0.0000000 0.0002534
70.9354677 0.0000000 0.0002532
70.9854927 0.0000000 0.0002531
71.0355178 0.0000000 0.0002529
71.0855428 0.0000000 0.0002526
71.1355678 0.0000000 0.0002525
71.1855928 0.0000000 0.0002523
71.2356178 0.0000000 0.0002524
71.2856428 0.0000000 0.0002519
71.3356678 0.0000000 0.0002518
71.3856928 0.0000000 0.0002517
71.4357179 0.0000000 0.0002517
71.4857429 0.0000000 0.0002513
71.5357679 0.0000000 0.0002511
71.5857929 0.0000000 0.0002509
71.6358179 0.0000000 0.0002509
71.6858429 0.0000000 0.0002508
71.7358679 0.0000000 0.0002504
71.7858929 0.0000000 0.0002501
71.8359180 0.0000000 0.0002501
71.8859430 0.0000000 0.0002501
71.9359680 0.0000000 0.0002496
71.9859930 0.0000000 0.0002498
72.0360180 0.0000000 0.0002494
72.0860430 0.0000000 0.0002494
72.1360680 0.0000000 0.0002488
72.1860930 0.0000000 0.0002489
72.2361181 0.0000000 0.0002488
72.2861431 0.0000000 0.0002486
72.3361681 0.0000000 0.0002486
72.3861931 0.0000000 0.0002482
72.4362181 0.0000000 0.0002480
72.4862431 0.0000000 0.0002477
72.5362681 0.0000000 0.0002478
72.5862931 0.0000000 0.0002474
72.6363182 0.0000000 0.0002472
72.6863432 0.0000000 0.0002471
72.7363682 0.0000000 0.0002469
72.7863932 0.0000000 0.0002468
72.8364182 0.0000000 0.0002466
72.8864432 0.0000000 0.0002465
72.9364682 0.0000000 0.0002464
72.9864932 0.0000000 0.0002461
73.0365183 0.0000000 0.0002460
73.0865433 0.0000000 0.0002458
73.1365683 0.0000000 0.0002458
73.1865933 0.0000000 0.0002455
73.2366183 0.0000000 0.0002455
73.2866433 0.0000000 0.0002451
73.3366683 0.0000000 0.0002451
73.3866933 0.0000000 0.0002447
73.4367184 0.0000000 0.0002445
73.4867434 0.0000000 0.0002444
73.5367684 0.0000000 0.0002445
73.5867934 0.0000000 0.0002440
73.6368184 0.0000000 0.0002439
73.6868434 0.0000000 0.0002436
73.7368684 0.0000000 0.0002435
73.7868934 0.0000000 0.0002435
73.8369185 0.0000000 0.0002432
73.8869435 0.0000000 0.0002434
73.9369685 0.0000000 0.0002431
73.9869935 0.0000000 0.0002427
74.0370185 0.0000000 0.0002426
74.0870435 0.0000000 0.0002427
74.1370685 0.0000000 0.0002422
74.1870935 0.0000000 0.0002422
74.2371186 0.0000000 0.0002417
74.2871436 0.0000000 0.0002421
74.3371686 0.0000000 0.0002417
74.3871936 0.0000000 0.0002415
74.4372186 0.0000000 0.0002412
74.4872436 0.0000000 0.0002413
74.5372686 0.0000000 0.0002409
74.5872936 0.0000000 0.0002406
74.6373187 0.0000000 0.0002407
74.6873437 0.0000000 0.0002407
74.7373687 0.0000000 0.0002406
74.7873937 0.0000000 0.0002401
74.8374187 0.0000000 0.0002401
74.8874437 0.0000000 0.0002400
74.9374687 0.0000000 0.0002396
74.9874937 0.0000000 0.0002393
75.0375188 0.0000000 0.0002396
75.0875438 0.0000000 0.0002393
75.1375688 0.0000000 0.0002391
75.1875938 0.0000000 0.0002391
75.2376188 0.0000000 0.0002386
75.2876438 0.0000000 0.0002383
75.3376688 0.0000000 0.0002383
75.3876938 0.0000000 0.0002382
75.4377189 0.0000000 0.0002381
75.4877439 0.0000000 0.0002378
75.5377689 0.0000000 0.0002378
75.5877939 0.0000000 0.0002377
75.6378189 0.0000000 0.0002376
75.6878439 0.0000000 0.0002373
75.7378689 0.0000000 0.0002370
75.7878939 0.0000000 0.0002374
75.8379190 0.0000000 0.0002367
75.8879440 0.0000000 0.0002368
75.9379690 0.0000000 0.0002366
75.9879940 0.0000000 0.0002365
76.0380190 0.0000000 0.0002361
76.0880440 0.0000000 0.0002360
76.1380690 0.0000000 0.0002360
76.1880940 0.0000000 0.0002355
76.2381191 0.0000000 0.0002352
76.2881441 0.0000000 0.0002358
76.3381691 0.0000000 0.0002355
76.3881941 0.0000000 0.0002353
76.4382191 0.0000000 0.0002351
76.4882441 0.0000000 0.0002350
76.5382691 0.0000000 0.0002347
76.5882941 0.0000000 0.0002344
76.6383192 0.0000000 0.0002342
76.6883442 0.0000000 0.0002344
76.7383692 0.0000000 0.0002343
76.7883942 0.0000000 0.0002340
76.8384192 0.0000000 0.0002337
76.8884442 0.0000000 0.0002337
76.9384692 0.0000000 0.0002335
76.9884942 0.0000000 0.0002333
77.0385193 0.0000000 0.0002329
77.0885443 0.0000000 0.0002332
77.1385693 0.0000000 0.0002329
77.1885943 0.0000000 0.0002326
77.2386193 0.0000000 0.0002326
77.2886443 0.0000000 0.0002324
77.3386693 0.0000000 0.0002324
77.3886943 0.0000000 0.0002321
77.4387194 0.0000000 0.0002316
77.4887444 0.0000000 0.0002317
77.5387694 0.0000000 0.0002319
77.5887944 0.0000000 0.0002314
77.6388194 0.0000000 0.0002314
77.6888444 0.0000000 0.0002312
77.7388694 0.0000000 0.0002313
77.7888944 0.0000000 0.0002307
77.8389195 0.0000000 0.0002306
77.8889445 0.0000000 0.0002307
77.9389695 0.0000000 0.0002306
77.9889945 0.0000000 0.0002302
78.0390195 0.0000000 0.0002304
78.0890445 0.0000000 0.0002301
78.1390695 0.0000000 0.0002299
78.1890945 0.0000000 0.0002297
78.2391196 0.0000000 0.0002293
78.2891446 0.0000000 0.0002292
78.3391696 0.0000000 0.0002293
78.3891946 0.0000000 0.0002293
78.4392196 0.0000000 0.0002288
78.4892446 0.0000000 0.0002288
78.5392696 0.0000000 0.0002286
78.5892946 0.0000000 0.0002286
78.6393197 0.0000000 0.0002287
78.6893447 0.0000000 0.0002282
78.7393697 0.0000000 0.0002279
78.7893947 0.0000000 0.0002278
78.8394197 0.0000000 0.0002278
78.8894447 0.0000000 0.0002277
78.9394697 0.0000000 0.0002276
78.9894947 0.0000000 0.0002272
79.0395198 0.0000000 0.0002272
79.0895448 0.0000000 0.0002271
79.1395698 0.0000000 0.0002271
79.1895948 0.0000000 0.0002269
79.2396198 0.0000000 0.0002268
79.2896448 0.0000000 0.0002266
79.3396698 0.0000000 0.0002263
79.3896948 0.0000000 0.0002262
79.4397199 0.0000000 0.0002262
79.4897449 0.0000000 0.0002260
79.5397699 0.0000000 0.0002258
79.5897949 0.0000000 0.0002258
79.6398199 0.0000000 0.0002258
79.6898449 0.0000000 0.0002255
79.7398699 0.0000000 0.0002253
79.7898949 0.0000000 0.0002253
79.8399200 0.0000000 0.0002253
79.8899450 0.0000000 0.0002250
79.9399700 0.0000000 0.0002246
79.9899950 0.0000000 0.0002248
80.0400200 0.0000000 0.0002244
80.0900450 0.0000000 0.0002242
80.1400700 0.0000000 0.0002242
80.1900950 0.0000000 0.0002240
80.2401201 0.0000000 0.0002240
80.2901451 0.0000000 0.0002240
80.3401701 0.0000000 0.0002237
80.3901951 0.0000000 0.0002234
80.4402201 0.0000000 0.0002234
80.4902451 0.0000000 0.0002234
80.5402701 0.0000000 0.0002229
80.5902951 0.0000000 0.0002228
80.6403202 0.0000000 0.0002227
80.6903452 0.0000000 0.0002225
80.7403702 0.0000000 0.0002227
80.7903952 0.0000000 0.0002222
80.8404202 0.0000000 0.0002222
80.8904452 0.0000000 0.0002223
80.9404702 0.0000000 0.0002220
80.9904952 0.0000000 0.0002218
81.0405203 0.0000000 0.0002217
81.0905453 0.0000000 0.0002216
81.1405703 0.0000000 0.0002213
81.1905953 0.0000000 0.0002214
81.2406203 0.0000000 0.0002217
81.2906453 0.0000000 0.0002213
81.3406703 0.0000000 0.0002209
81.3906953 0.0000000 0.0002204
81.4407204 0.0000000 0.0002205
81.4907454 0.0000000 0.0002205
81.5407704 0.0000000 0.0002204
81.5907954 0.0000000 0.0002204
81.6408204 0.0000000 0.0002201
81.6908454 0.0000000 0.0002201
81.7408704 0.0000000 0.0002199
81.7908954 0.0000000 0.0002196
81.8409205 0.0000000 0.0002196
81.8909455 0.0000000 0.0002192
81.9409705 0.0000000 0.0002192
81.9909955 0.0000000 0.0002191
82.0410205 0.0000000 0.0002189
82.0910455 0.0000000 0.0002191
82.1410705 0.0000000 0.0002189
82.1910955 0.0000000 0.0002186
82.2411206 0.0000000 0.0002186
82.2911456 0.0000000 0.0002181
82.3411706 0.0000000 0.0002184
82.3911956 0.0000000 0.0002181
82.4412206 0.0000000 0.0002179
82.4912456 0.0000000 0.0002178
82.5412706 0.0000000 0.0002178
82.5912956 0.0000000 0.0002175
82.6413207 0.0000000 0.0002176
82.6913457 0.0000000 0.0002172
82.7413707 0.0000000 0.0002172
82.7913957 0.0000000 0.0002171
82.8414207 0.0000000 0.0002167
82.8914457 0.0000000 0.0002168
82.9414707 0.0000000 0.0002167
82.9914957 0.0000000 0.0002165
83.0415208 0.0000000 0.0002166
83.0915458 0.0000000 0.0002163
83.1415708 0.0000000 0.0002162
83.1915958 0.0000000 0.0002160
83.2416208 0.0000000 0.0002157
83.2916458 0.0000000 0.0002156
83.3416708 0.0000000 0.0002156
83.3916958 0.0000000 0.0002153
83.4417209 0.0000000 0.0002153
83.4917459 0.0000000 0.0002151
83.5417709 0.0000000 0.0002151
83.5917959 0.0000000 0.0002150
83.6418209 0.0000000 0.0002147
83.6918459 0.0000000 0.0002145
83.7418709 0.0000000 0.0002148
83.7918959 0.0000000 0.0002144
83.8419210 0.0000000 0.0002142
83.8919460 0.0000000 0.0002141
83.9419710 0.0000000 0.0002140
83.9919960 0.0000000 0.0002138
84.0420210 0.0000000 0.0002135
84.0920460 0.0000000 0.0002135
84.1420710 0.0000000 0.0002134
84.1920960 0.0000000 0.0002135
84.2421211 0.0000000 0.0002133
84.2921461 0.0000000 0.0002131
84.3421711 0.0000000 0.0002132
84.3921961 0.0000000 0.0002129
84.4422211 0.0000000 0.0002129
84.4922461 0.0000000 0.0002127
84.5422711 0.0000000 0.0002124
84.5922961 0.0000000 0.0002122
84.6423212 0.0000000 0.0002123
84.6923462 0.0000000 0.0002122
84.7423712 0.0000000 0.0002120
84.7923962 0.0000000 0.0002118
84.8424212 0.0000000 0.0002117
84.8924462 0.0000000 0.0002117
84.9424712 0.0000000 0.0002114
84.9924962 0.0000000 0.0002112
85.0425213 0.0000000 0.0002114
85.0925463 0.0000000 0.0002109
85.1425713 0.0000000 0.0002111
85.1925963 0.0000000 0.0002109
85.2426213 0.0000000 0.0002109
85.2926463 0.0000000 0.0002106
85.3426713 0.0000000 0.0002105
85.3926963 0.0000000 0.0002104
85.4427214 0.0000000 0.0002103
85.4927464 0.0000000 0.0002102
85.5427714 0.0000000 0.0002102
85.5927964 0.0000000 0.0002100
85.6428214 0.0000000 0.0002096
85.6928464 0.0000000 0.0002096
85.7428714 0.0000000 0.0002096
85.7928964 0.0000000 0.0002094
85.8429215 0.0000000 0.0002091
85.8929465 0.0000000 0.0002089
85.9429715 0.0000000 0.0002090
85.9929965 0.0000000 0.0002091
86.0430215 0.0000000 0.0002088
86.0930465 0.0000000 0.0002086
86.1430715 0.0000000 0.0002087
86.1930965 0.0000000 0.0002083
86.2431216 0.0000000 0.0002081
86.2931466 0.0000000 0.0002083
86.3431716 0.0000000 0.0002079
86.3931966 0.0000000 0.0002077
86.4432216 0.0000000 0.0002078
86.4932466 0.0000000 0.0002078
86.5432716 0.0000000 0.0002076
86.5932966 0.0000000 0.0002075
86.6433217 0.0000000 0.0002075
86.6933467 0.0000000 0.0002073
86.7433717 0.0000000 0.0002072
86.7933967 0.0000000 0.0002072
86.8434217 0.0000000 0.0002070
86.8934467 0.0000000 0.0002070
86.9434717 0.0000000 0.0002064
86.9934967 0.0000000 0.0002065
87.0435218 0.0000000 0.0002062
87.0935468 0.0000000 0.0002065
87.1435718 0.0000000 0.0002060
87.1935968 0.0000000 0.0002060
87.2436218 0.0000000 0.0002060
87.2936468 0.0000000 0.0002062
87.3436718 0.0000000 0.0002059
87.3936968 0.0000000 0.0002056
87.4437219 0.0000000 0.0002053
87.4937469 0.0000000 0.0002053
87.5437719 0.0000000 0.0002053
87.5937969 0.0000000 0.0002052
87.6438219 0.0000000 0.0002050
87.6938469 0.0000000 0.0002051
87.7438719 0.0000000 0.0002047
87.7938969 0.0000000 0.0002045
87.8439220 0.0000000 0.0002043
87.8939470 0.0000000 0.0002045
87.9439720 0.0000000 0.0002043
87.9939970 0.0000000 0.0002042
88.0440220 0.0000000 0.0002043
88.0940470 0.0000000 0.0002042
88.1440720 0.0000000 0.0002040
88.1940970 0.0000000 0.0002037
88.2441221 0.0000000 0.0002035
88.2941471 0.0000000 0.0002034
88.3441721 0.0000000 0.0002033
88.3941971 0.0000000 0.0002032
88.4442221 0.0000000 0.0002032
88.4942471 0.0000000 0.0002030
88.5442721 0.0000000 0.0002031
88.5942971 0.0000000 0.0002029
88.6443222 0.0000000 0.0002027
88.6943472 0.0000000 0.0002024
88.7443722 0.0000000 0.0002024
88.7943972 0.0000000 0.0002018
88.8444222 0.0000000 0.0002024
88.8944472 0.0000000 0.0002021
88.9444722 0.0000000 0.0002019
88.9944972 0.0000000 0.0002018
89.0445223 0.0000000 0.0002016
89.0945473 0.0000000 0.0002017
89.1445723 0.0000000 0.0002014
89.1945973 0.0000000 0.0002018
89.2446223 0.0000000 0.0002016
89.2946473 0.0000000 0.0002010
89.3446723 0.0000000 0.0002008
89.3946973 0.0000000 0.0002011
89.4447224 0.0000000 0.0002012
89.4947474 0.0000000 0.0002007
89.5447724 0.0000000 0.0002005
89.5947974 0.0000000 0.0002004
89.6448224 0.0000000 0.0002006
89.6948474 0.0000000 0.0002002
89.7448724 0.0000000 0.0002001
89.7948974 0.0000000 0.0001998
89.8449225 0.0000000 0.0002001
89.8949475 0.0000000 0.0001998
89.9449725 0.0000000 0.0001999
89.9949975 0.0000000 0.0002000
90.0450225 0.0000000 0.0001994
90.0950475 0.0000000 0.0001994
90.1450725 0.0000000 0.0001991
90.1950975 0.0000000 0.0001990
90.2451226 0.0000000 0.0001988
90.2951476 0.0000000 0.0001986
90.3451726 0.0000000 0.0001988
90.3951976 0.0000000 0.0001987
90.4452226 0.0000000 0.0001986
90.4952476 0.0000000 0.0001983
90.5452726 0.0000000 0.0001986
90.5952976 0.0000000 0.0001983
90.6453227 0.0000000 0.0001981
90.6953477 0.0000000 0.0001982
90.7453727 0.0000000 0.0001982
90.7953977 0.0000000 0.0001980
90.8454227 0.0000000 0.0001977
90.8954477 0.0000000 0.0001976
90.9454727 0.0000000 0.0001976
90.9954977 0.0000000 0.0001973
91.0455228 0.0000000 0.0001974
91.0955478 0.0000000 0.0001973
91.1455728 0.0000000 0.0001973
91.1955978 0.0000000 0.0001969
91.2456228 0.0000000 0.0001969
91.2956478 0.0000000 0.0001968
91.3456728 0.0000000 0.0001966
91.3956978 0.0000000 0.0001965
91.4457229 0.0000000 0.0001963
91.4957479 0.0000000 0.0001963
91.5457729 0.0000000 0.0001965
91.5957979 0.0000000 0.0001963
91.6458229 0.0000000 0.0001961
91.6958479 0.0000000 0.0001961
91.7458729 0.0000000 0.0001960
91.7958979 0.0000000 0.0001956
91.8459230 0.0000000 0.0001955
91.8959480 0.0000000 0.0001952
91.9459730 0.0000000 0.0001954
91.9959980 0.0000000 0.0001955
92.0460230 0.0000000 0.0001953
92.0960480 0.0000000 0.0001950
92.1460730 0.0000000 0.0001950
92.1960980 0.0000000 0.0001950
92.2461231 0.0000000 0.0001947
92.2961481 0.0000000 0.0001948
92.3461731 0.0000000 0.0001947
92.3961981 0.0000000 0.0001943
92.4462231 0.0000000 0.0001945
92.4962481 0.0000000 0.0001942
92.5462731 0.0000000 0.0001940
92.5962981 0.0000000 0.0001939
92.6463232 0.0000000 0.0001940
92.6963482 0.0000000 0.0001938
92.7463732 0.0000000 0.0001937
92.7963982 0.0000000 0.0001934
92.8464232 0.0000000 0.0001935
92.8964482 0.0000000 0.0001934
92.9464732 0.0000000 0.0001932
92.9964982 0.0000000 0.0001932
93.0465233 0.0000000 0.0001932
93.0965483 0.0000000 0.0001929
93.1465733 0.0000000 0.0001928
93.1965983 0.0000000 0.0001928
93.2466233 0.0000000 0.0001927
93.2966483 0.0000000 0.0001926
93.3466733 0.0000000 0.0001924
93.3966983 0.0000000 0.0001921
93.4467234 0.0000000 0.0001924
93.4967484 0.0000000 0.0001926
93.5467734 0.0000000 0.0001922
93.5967984 0.0000000 0.0001919
93.6468234 0.0000000 0.0001919
93.6968484 0.0000000 0.0001917
93.7468734 0.0000000 0.0001917
93.7968984 0.0000000 0.0001915
93.8469235 0.0000000 0.0001917
93.8969485 0.0000000 0.0001917
93.9469735 0.0000000 0.0001912
93.9969985 0.0000000 0.0001914
94.0470235 0.0000000 0.0001910
94.0970485 0.0000000 0.0001909
94.1470735 0.0000000 0.0001910
94.1970985 0.0000000 0.0001907
94.2471236 0.0000000 0.0001907
94.2971486 0.0000000 0.0001906
94.3471736 0.0000000 0.0001904
94.3971986 0.0000000 0.0001904
94.4472236 0.0000000 0.0001900
94.4972486 0.0000000 0.0001901
94.5472736 0.0000000 0.0001900
94.5972986 0.0000000 0.0001902
94.6473237 0.0000000 0.0001899
94.6973487 0.0000000 0.0001897
94.7473737 0.0000000 0.0001896
94.7973987 0.0000000 0.0001894
94.8474237 0.0000000 0.0001894
94.8974487 0.0000000 0.0001889
94.9474737 0.0000000 0.0001889
94.9974987 0.0000000 0.0001893
95.0475238 0.0000000 0.0001891
95.0975488 0.0000000 0.0001888
95.1475738 0.0000000 0.0001888
95.1975988 0.0000000 0.0001884
95.2476238 0.0000000 0.0001886
95.2976488 0.0000000 0.0001882
95.3476738 0.0000000 0.0001885
95.3976988 0.0000000 0.0001884
95.4477239 0.0000000 0.0001883
95.4977489 0.0000000 0.0001881
95.5477739 0.0000000 0.0001881
95.5977989 0.0000000 0.0001881
95.6478239 0.0000000 0.0001879
95.6978489 0.0000000 0.0001878
95.7478739 0.0000000 0.0001876
95.7978989 0.0000000 0.0001876
95.8479240 0.0000000 0.0001876
95.8979490 0.0000000 0.0001875
95.9479740 0.0000000 0.0001876
95.9979990 0.0000000 0.0001873
96.0480240 0.0000000 0.0001874
96.0980490 0.0000000 0.0001870
96.1480740 0.0000000 0.0001870
96.1980990 0.0000000 0.0001866
96.2481241 0.0000000 0.0001867
96.2981491 0.0000000 0.0001865
96.3481741 0.0000000 0.0001868
96.3981991 0.0000000 0.0001867
96.4482241 0.0000000 0.0001866
96.4982491 0.0000000 0.0001863
96.5482741 0.0000000 0.0001863
96.5982991 0.0000000 0.0001861
96.6483242 0.0000000 0.0001860
96.6983492 0.0000000 0.0001856
96.7483742 0.0000000 0.0001860
96.7983992 0.0000000 0.0001857
96.8484242 0.0000000 0.0001853
96.8984492 0.0000000 0.0001852
96.9484742 0.0000000 0.0001854
96.9984992 0.0000000 0.0001852
97.0485243 0.0000000 0.0001851
97.0985493 0.0000000 0.0001852
97.1485743 0.0000000 0.0001849
97.1985993 0.0000000 0.0001847
97.2486243 0.0000000 0.0001847
97.2986493 0.0000000 0.0001847
97.3486743 0.0000000 0.0001846
97.3986993 0.0000000 0.0001845
97.4487244 0.0000000 0.0001843
97.4987494 0.0000000 0.0001845
97.5487744 0.0000000 0.0001842
97.5987994 0.0000000 0.0001839
97.6488244 0.0000000 0.0001840
97.6988494 0.0000000 0.0001839
97.7488744 0.0000000 0.0001837
97.7988994 0.0000000 0.0001837
97.8489245 0.0000000 0.0001835
97.8989495 0.0000000 0.0001833
97.9489745 0.0000000 0.0001836
97.9989995 0.0000000 0.0001834
98.0490245 0.0000000 0.0001832
98.0990495 0.0000000 0.0001832
98.1490745 0.0000000 0.0001830
98.1990995 0.0000000 0.0001828
98.2491246 0.0000000 0.0001829
98.2991496 0.0000000 0.0001827
98.3491746 0.0000000 0.0001827
98.3991996 0.0000000 0.0001824
98.4492246 0.0000000 0.0001825
98.4992496 0.0000000 0.0001828
98.5492746 0.0000000 0.0001824
98.5992996 0.0000000 0.0001824
98.6493247 0.0000000 0.0001819
98.6993497 0.0000000 0.0001821
98.7493747 0.0000000 0.0001819
98.7993997 0.0000000 0.0001822
98.8494247 0.0000000 0.0001816
98.8994497 0.0000000 0.0001817
98.9494747 0.0000000 0.0001815
98.9994997 0.0000000 0.0001817
99.0495248 0.0000000 0.0001814
99.0995498 0.0000000 0.0001812
99.1495748 0.0000000 0.0001811
99.1995998 0.0000000 0.0001809
99.2496248 0.0000000 0.0001808
99.2996498 0.0000000 0.0001810
99.3496748 0.0000000 0.0001810
99.3996998 0.0000000 0.0001809
99.4497249 0.0000000 0.0001806
99.4997499 0.0000000 0.0001806
99.5497749 0.0000000 0.0001805
99.5997999 0.0000000 0.0001802
99.6498249 0.0000000 0.0001804
99.6998499 0.0000000 0.0001799
99.7498749 0.0000000 0.0001801
99.7998999 0.0000000 0.0001799
99.8499250 0.0000000 0.0001800
99.8999500 0.0000000 0.0001798
99.9499750 0.0000000 0.0001799
100.0000000 0.0000000 0.0001798
